 Year Day Hour 100m 200m 300m 400m 500m 600m 700m 800m 900m 1000m 1100m 1200m 1300m 1400m 1500m 1600m 1700m 1800m 1900m 2000m
2021 213   0 100.0 100.0 100.0 100.0 100.0 100.0  99.5  97.6  95.8  94.0  92.2  90.3  89.4  90.2  91.0  91.8  92.6  93.4  94.2  95.0
2021 213   1 100.0 100.0 100.0 100.0 100.0 100.0  99.5  97.8  96.0  94.3  92.6  90.9  90.0  90.8  91.6  92.4  93.2  94.0  94.8  95.6
2021 213   2 100.0 100.0 100.0 100.0 100.0 100.0  99.3  97.0  94.7  92.3  90.0  87.7  86.6  88.1  89.5  91.0  92.5  94.0  95.5  97.0
2021 213   3 100.0 100.0 100.0 100.0 100.0 100.0  99.3  96.9  94.5  92.1  89.7  87.3  86.2  87.8  89.3  90.9  92.5  94.1  95.6  97.2
2021 213   4 100.0 100.0 100.0 100.0 100.0 100.0  99.4  97.5  95.6  93.7  91.8  89.9  88.9  90.0  91.1  92.2  93.3  94.4  95.4  96.5
2021 213   5 100.0 100.0 100.0 100.0 100.0 100.0  99.4  97.5  95.5  93.5  91.6  89.6  88.6  89.7  90.8  91.9  93.0  94.1  95.2  96.2
2021 213   6 100.0 100.0 100.0 100.0 100.0 100.0  99.4  97.4  95.3  93.3  91.3  89.3  88.2  89.2  90.2  91.2  92.2  93.2  94.2  95.2
2021 213   7 100.0 100.0 100.0 100.0 100.0 100.0  99.3  97.0  94.7  92.3  90.0  87.7  86.4  87.2  88.0  88.8  89.7  90.5  91.3  92.1
2021 213   8 100.0 100.0 100.0 100.0 100.0 100.0  99.3  96.9  94.5  92.1  89.7  87.3  85.8  86.2  86.6  87.0  87.4  87.7  88.1  88.5
2021 213   9 100.0 100.0 100.0 100.0 100.0 100.0  99.3  96.8  94.4  91.9  89.5  87.1  85.4  85.5  85.6  85.6  85.7  85.8  85.8  85.9
2021 213  10 100.0 100.0 100.0 100.0 100.0 100.0  99.1  96.2  93.3  90.5  87.6  84.7  82.8  83.1  83.4  83.7  84.1  84.4  84.7  85.0
2021 213  11 100.0 100.0 100.0 100.0 100.0 100.0  99.1  96.0  93.0  89.9  86.8  83.8  81.8  82.0  82.3  82.6  82.8  83.1  83.4  83.6
2021 213  12 100.0 100.0 100.0 100.0 100.0 100.0  99.1  96.0  93.0  90.0  86.9  83.9  81.8  81.6  81.5  81.3  81.2  81.1  80.9  80.8
2021 213  13 100.0 100.0 100.0 100.0 100.0 100.0  98.7  95.3  91.9  88.6  85.2  81.8  79.5  79.4  79.3  79.3  79.2  79.1  79.1  79.0
2021 213  14 100.0 100.0 100.0 100.0 100.0  98.5  95.5  92.5  89.5  86.5  83.5  80.4  78.4  78.4  78.3  78.3  78.2  78.2  78.2  78.1
2021 213  15 100.0 100.0 100.0 100.0  98.7  96.0  93.2  90.4  87.6  84.8  82.0  79.2  77.4  77.6  77.8  78.0  78.2  78.4  78.6  78.8
2021 213  16 100.0  99.3  97.2  95.1  93.1  91.0  88.9  86.8  84.7  82.6  80.5  78.4  77.0  77.0  77.0  77.1  77.1  77.1  77.1  77.1
2021 213  17 100.0 100.0  98.6  96.4  94.2  92.0  89.7  87.5  85.3  83.1  80.8  78.6  77.1  77.1  77.2  77.2  77.3  77.3  77.3  77.4
2021 213  18 100.0  99.2  97.4  95.6  93.8  92.0  90.2  88.4  86.5  84.7  82.9  81.1  79.8  79.5  79.3  79.0  78.7  78.4  78.1  77.9
2021 213  19  92.2  91.2  90.2  89.2  88.2  87.2  86.2  85.2  84.2  83.2  82.2  81.2  80.5  80.3  80.2  80.0  79.9  79.8  79.6  79.5
2021 213  20  93.1  92.1  91.1  90.1  89.1  88.1  87.1  86.1  85.1  84.1  83.1  82.1  81.2  80.7  80.2  79.7  79.2  78.7  78.2  77.7
2021 213  21 100.0 100.0  99.2  97.2  95.2  93.1  91.1  89.0  87.0  85.0  82.9  80.9  79.5  79.6  79.7  79.8  79.9  80.0  80.1  80.1
2021 213  22 100.0 100.0 100.0 100.0 100.0  98.4  95.8  93.2  90.6  88.0  85.4  82.8  81.2  81.9  82.5  83.1  83.8  84.4  85.1  85.7
2021 213  23 100.0 100.0 100.0 100.0 100.0 100.0  98.4  95.4  92.3  89.3  86.3  83.3  81.5  82.2  83.0  83.8  84.6  85.4  86.2  87.0
2021 214   0 100.0 100.0 100.0 100.0 100.0 100.0  97.9  94.9  91.8  88.8  85.8  82.8  81.0  81.9  82.7  83.6  84.5  85.3  86.2  87.1
2021 214   1 100.0 100.0 100.0 100.0 100.0 100.0  96.9  93.7  90.6  87.5  84.4  81.2  79.6  81.0  82.4  83.8  85.2  86.6  88.1  89.5
2021 214   2 100.0 100.0 100.0 100.0 100.0 100.0  97.9  94.7  91.5  88.2  85.0  81.8  79.9  80.9  81.9  82.8  83.8  84.8  85.8  86.8
2021 214   3 100.0 100.0 100.0 100.0 100.0 100.0  97.4  94.2  91.1  87.9  84.7  81.5  79.5  80.3  81.1  81.9  82.6  83.4  84.2  84.9
2021 214   4 100.0 100.0 100.0 100.0  99.8  97.0  94.3  91.5  88.8  86.1  83.3  80.6  79.0  79.7  80.5  81.3  82.1  82.9  83.7  84.5
2021 214   5 100.0 100.0 100.0 100.0  99.3  96.7  94.0  91.4  88.7  86.1  83.4  80.8  79.3  80.2  81.0  81.9  82.8  83.7  84.5  85.4
2021 214   6 100.0 100.0 100.0 100.0  98.8  96.3  93.7  91.2  88.7  86.2  83.6  81.1  79.7  80.6  81.4  82.3  83.2  84.1  84.9  85.8
2021 214   7 100.0 100.0 100.0 100.0 100.0  97.7  95.3  92.9  90.5  88.1  85.6  83.2  81.8  82.4  83.0  83.6  84.2  84.9  85.5  86.1
2021 214   8 100.0 100.0 100.0 100.0 100.0  99.7  96.8  94.0  91.1  88.3  85.4  82.5  80.8  81.2  81.7  82.2  82.6  83.1  83.6  84.1
2021 214   9 100.0 100.0 100.0 100.0 100.0  99.4  96.4  93.4  90.4  87.4  84.4  81.4  79.5  80.0  80.4  80.8  81.2  81.6  82.1  82.5
2021 214  10 100.0 100.0 100.0 100.0  98.6  96.1  93.5  91.0  88.5  85.9  83.4  80.8  79.2  79.5  79.8  80.1  80.4  80.7  81.0  81.3
2021 214  11 100.0 100.0 100.0 100.0 100.0  99.9  96.9  93.8  90.8  87.7  84.6  81.6  79.5  79.5  79.5  79.6  79.6  79.6  79.6  79.6
2021 214  12 100.0 100.0 100.0 100.0 100.0 100.0  97.8  94.6  91.5  88.3  85.1  81.9  79.6  79.4  79.2  79.0  78.8  78.6  78.4  78.2
2021 214  13 100.0 100.0 100.0 100.0 100.0 100.0  97.3  94.5  91.7  88.8  86.0  83.1  81.2  81.0  80.8  80.7  80.5  80.4  80.2  80.0
2021 214  14 100.0 100.0 100.0 100.0 100.0  99.9  96.9  93.9  91.0  88.0  85.0  82.0  80.1  80.4  80.8  81.1  81.4  81.8  82.1  82.4
2021 214  15 100.0 100.0 100.0 100.0 100.0 100.0  98.9  95.4  91.9  88.4  84.8  81.3  79.0  79.4  79.8  80.1  80.5  80.9  81.2  81.6
2021 214  16 100.0 100.0 100.0 100.0 100.0 100.0  99.1  96.3  93.5  90.6  87.8  84.9  83.0  83.1  83.2  83.3  83.5  83.6  83.7  83.8
2021 214  17 100.0 100.0 100.0 100.0 100.0 100.0  99.2  96.6  94.0  91.4  88.8  86.2  84.5  84.7  84.9  85.2  85.4  85.6  85.8  86.1
2021 214  18 100.0 100.0 100.0 100.0 100.0 100.0  99.3  96.8  94.4  92.0  89.6  87.1  85.6  86.1  86.5  86.9  87.3  87.7  88.2  88.6
2021 214  19 100.0 100.0 100.0 100.0 100.0 100.0  99.3  97.2  95.0  92.8  90.6  88.4  87.0  87.4  87.8  88.1  88.5  88.9  89.2  89.6
2021 214  20 100.0 100.0 100.0 100.0 100.0 100.0  99.5  98.0  96.4  94.9  93.3  91.8  90.7  90.6  90.5  90.5  90.4  90.3  90.3  90.2
2021 214  21 100.0 100.0 100.0 100.0 100.0 100.0  99.6  98.1  96.7  95.3  93.8  92.4  91.2  90.7  90.1  89.5  89.0  88.4  87.9  87.3
2021 214  22 100.0 100.0 100.0 100.0 100.0 100.0  99.7  98.6  97.5  96.4  95.3  94.2  93.3  92.5  91.8  91.1  90.3  89.6  88.9  88.1
2021 214  23 100.0 100.0 100.0 100.0 100.0 100.0  99.7  98.7  97.7  96.6  95.6  94.6  93.7  93.1  92.4  91.8  91.2  90.6  89.9  89.3
2021 215   0 100.0 100.0 100.0 100.0 100.0 100.0  99.7  98.5  97.4  96.2  95.1  94.0  93.3  93.4  93.6  93.8  94.0  94.1  94.3  94.5
2021 215   1 100.0 100.0 100.0 100.0 100.0 100.0  99.5  98.3  97.0  95.8  94.5  93.3  92.5  92.9  93.3  93.7  94.1  94.5  94.9  95.3
2021 215   2 100.0 100.0 100.0 100.0 100.0 100.0  99.6  98.2  96.8  95.5  94.1  92.7  91.9  92.1  92.3  92.5  92.7  92.9  93.1  93.3
2021 215   3 100.0 100.0 100.0 100.0 100.0 100.0  99.5  97.9  96.2  94.6  93.0  91.3  90.3  90.7  91.1  91.4  91.8  92.2  92.5  92.9
2021 215   4 100.0 100.0 100.0 100.0 100.0 100.0  99.4  97.7  96.1  94.4  92.7  91.0  90.1  90.8  91.5  92.2  92.9  93.6  94.3  95.0
2021 215   5 100.0 100.0 100.0 100.0 100.0 100.0  99.5  97.8  96.1  94.4  92.7  91.0  89.9  90.4  90.9  91.3  91.8  92.2  92.7  93.1
2021 215   6 100.0 100.0 100.0 100.0 100.0 100.0  99.4  97.8  96.2  94.5  92.9  91.3  90.3  90.7  91.1  91.4  91.8  92.2  92.5  92.9
2021 215   7 100.0 100.0 100.0 100.0 100.0 100.0  99.4  97.8  96.2  94.6  93.0  91.4  90.4  90.9  91.3  91.8  92.2  92.6  93.1  93.5
2021 215   8 100.0 100.0 100.0 100.0 100.0 100.0  99.4  97.7  96.0  94.3  92.6  90.9  89.8  90.3  90.8  91.2  91.7  92.1  92.6  93.0
2021 215   9 100.0 100.0 100.0 100.0 100.0 100.0  99.5  97.7  96.0  94.2  92.4  90.7  89.5  89.6  89.7  89.8  90.0  90.1  90.2  90.3
2021 215  10 100.0 100.0 100.0 100.0 100.0 100.0  99.4  97.5  95.7  93.8  91.9  90.0  88.7  88.6  88.5  88.4  88.3  88.2  88.1  88.1
2021 215  11 100.0 100.0 100.0 100.0 100.0 100.0  99.2  96.7  94.2  91.7  89.1  86.6  85.1  85.6  86.2  86.7  87.2  87.8  88.3  88.9
2021 215  12 100.0 100.0 100.0 100.0 100.0 100.0  99.2  96.7  94.2  91.7  89.2  86.7  85.1  85.3  85.5  85.7  85.9  86.1  86.3  86.5
2021 215  13 100.0 100.0 100.0 100.0 100.0 100.0  99.3  97.1  94.9  92.7  90.5  88.3  86.8  86.8  86.8  86.8  86.8  86.8  86.8  86.8
2021 215  14 100.0 100.0 100.0 100.0 100.0 100.0  99.3  96.8  94.4  92.0  89.6  87.1  85.5  85.5  85.6  85.6  85.7  85.7  85.7  85.8
2021 215  15 100.0 100.0 100.0 100.0 100.0 100.0  99.3  97.0  94.6  92.3  89.9  87.6  85.9  85.7  85.5  85.2  85.0  84.8  84.6  84.3
2021 215  16 100.0 100.0 100.0 100.0 100.0 100.0  99.3  97.1  94.8  92.6  90.3  88.0  86.4  86.2  86.0  85.8  85.6  85.4  85.2  85.0
2021 215  17 100.0 100.0 100.0 100.0 100.0 100.0  99.3  97.1  94.8  92.6  90.4  88.1  86.5  86.2  85.8  85.5  85.2  84.8  84.5  84.2
2021 215  18 100.0 100.0 100.0 100.0 100.0 100.0  99.4  97.4  95.4  93.4  91.4  89.5  87.9  87.3  86.7  86.1  85.5  84.8  84.2  83.6
2021 215  19 100.0 100.0 100.0 100.0 100.0 100.0  99.4  97.5  95.6  93.7  91.8  89.9  88.4  87.9  87.4  86.9  86.3  85.8  85.3  84.8
2021 215  20 100.0 100.0 100.0 100.0 100.0 100.0  99.4  97.3  95.3  93.3  91.2  89.2  87.8  87.6  87.5  87.4  87.3  87.1  87.0  86.9
2021 215  21 100.0 100.0 100.0 100.0 100.0 100.0  99.4  97.6  95.7  93.8  91.9  90.1  88.7  88.6  88.4  88.2  88.0  87.9  87.7  87.5
2021 215  22 100.0 100.0 100.0 100.0 100.0 100.0  99.5  97.8  96.2  94.5  92.9  91.2  89.9  89.5  89.0  88.5  88.1  87.6  87.1  86.6
2021 215  23 100.0 100.0 100.0 100.0 100.0 100.0  99.5  97.9  96.3  94.6  93.0  91.4  90.3  90.1  90.0  89.9  89.8  89.6  89.5  89.4
2021 216   0 100.0 100.0 100.0 100.0 100.0 100.0  99.6  98.1  96.6  95.1  93.7  92.2  91.2  91.3  91.4  91.4  91.5  91.6  91.6  91.7
2021 216   1 100.0 100.0 100.0 100.0 100.0 100.0  99.5  98.0  96.4  94.9  93.3  91.8  90.8  91.1  91.3  91.6  91.9  92.2  92.5  92.7
2021 216   2 100.0 100.0 100.0 100.0 100.0 100.0  99.5  98.0  96.4  94.8  93.2  91.7  90.7  90.9  91.1  91.4  91.6  91.8  92.0  92.3
2021 216   3 100.0 100.0 100.0 100.0 100.0 100.0  99.5  98.0  96.4  94.9  93.3  91.8  90.7  90.9  91.0  91.2  91.3  91.4  91.6  91.7
2021 216   4 100.0 100.0 100.0 100.0 100.0 100.0  99.6  98.2  96.8  95.4  94.0  92.6  91.6  91.6  91.6  91.5  91.5  91.5  91.5  91.5
2021 216   5 100.0 100.0 100.0 100.0 100.0 100.0  99.5  98.0  96.5  95.0  93.5  91.9  91.0  91.2  91.3  91.5  91.7  91.9  92.1  92.3
2021 216   6 100.0 100.0 100.0 100.0 100.0 100.0  99.6  98.1  96.6  95.1  93.6  92.1  91.2  91.4  91.7  92.0  92.2  92.5  92.8  93.0
2021 216   7 100.0 100.0 100.0 100.0 100.0 100.0  99.6  98.2  96.8  95.4  94.0  92.6  91.7  91.6  91.5  91.4  91.2  91.1  91.0  90.9
2021 216   8 100.0 100.0 100.0 100.0 100.0 100.0  99.6  98.1  96.7  95.2  93.7  92.3  91.1  90.5  89.8  89.2  88.6  88.0  87.3  86.7
2021 216   9 100.0 100.0 100.0 100.0 100.0 100.0  99.6  98.1  96.6  95.1  93.7  92.2  91.1  90.8  90.4  90.1  89.8  89.4  89.1  88.8
2021 216  10 100.0 100.0 100.0 100.0 100.0 100.0  99.5  97.7  95.9  94.2  92.4  90.6  89.3  88.9  88.5  88.1  87.7  87.4  87.0  86.6
2021 216  11 100.0 100.0 100.0 100.0 100.0 100.0  99.5  97.7  95.9  94.1  92.3  90.5  89.1  88.6  88.0  87.4  86.9  86.3  85.8  85.2
2021 216  12 100.0 100.0 100.0 100.0 100.0 100.0  99.5  97.9  96.3  94.7  93.1  91.5  90.1  89.0  87.9  86.8  85.7  84.6  83.6  82.5
2021 216  13 100.0 100.0 100.0 100.0 100.0 100.0  99.5  98.0  96.4  94.9  93.3  91.8  90.4  89.3  88.3  87.2  86.2  85.1  84.1  83.0
2021 216  14 100.0 100.0 100.0 100.0 100.0 100.0  99.5  98.0  96.5  95.0  93.5  92.0  90.7  89.8  88.8  87.9  87.0  86.1  85.1  84.2
2021 216  15 100.0 100.0 100.0 100.0 100.0 100.0  99.5  97.7  96.0  94.3  92.5  90.8  89.4  88.7  88.1  87.4  86.7  86.1  85.4  84.7
2021 216  16 100.0 100.0 100.0 100.0 100.0 100.0  99.5  97.7  95.8  94.0  92.2  90.4  89.0  88.4  87.8  87.2  86.6  85.9  85.3  84.7
2021 216  17 100.0 100.0 100.0 100.0 100.0 100.0  99.5  97.6  95.8  94.0  92.2  90.3  89.0  88.5  88.0  87.6  87.1  86.7  86.2  85.8
2021 216  18 100.0 100.0 100.0 100.0 100.0 100.0  99.4  97.4  95.3  93.3  91.3  89.3  87.8  87.6  87.3  87.0  86.8  86.5  86.2  86.0
2021 216  19 100.0 100.0 100.0 100.0 100.0 100.0  99.5  97.8  96.0  94.3  92.6  90.9  89.6  89.2  88.9  88.5  88.2  87.8  87.5  87.1
2021 216  20 100.0 100.0 100.0 100.0 100.0 100.0  99.5  97.8  96.1  94.4  92.7  91.0  89.8  89.6  89.3  89.0  88.8  88.5  88.2  88.0
2021 216  21 100.0 100.0 100.0 100.0 100.0 100.0  99.5  98.0  96.5  95.0  93.5  91.9  90.8  90.3  89.9  89.5  89.1  88.7  88.2  87.8
2021 216  22 100.0 100.0 100.0 100.0 100.0 100.0  99.5  98.0  96.5  94.9  93.4  91.8  90.7  90.4  90.1  89.8  89.5  89.2  88.9  88.6
2021 216  23 100.0 100.0 100.0 100.0 100.0 100.0  99.6  98.2  96.9  95.5  94.2  92.8  91.8  91.6  91.5  91.3  91.1  90.9  90.7  90.5
2021 217   0 100.0 100.0 100.0 100.0 100.0 100.0  99.6  98.3  96.9  95.6  94.2  92.9  91.9  91.8  91.6  91.5  91.3  91.2  91.0  90.8
2021 217   1 100.0 100.0 100.0 100.0 100.0 100.0  99.6  98.4  97.2  96.0  94.8  93.5  92.6  92.4  92.1  91.8  91.6  91.3  91.0  90.8
2021 217   2 100.0 100.0 100.0 100.0 100.0 100.0  99.7  98.5  97.4  96.2  95.1  94.0  93.1  92.9  92.7  92.5  92.3  92.1  91.9  91.7
2021 217   3 100.0 100.0 100.0 100.0 100.0 100.0  99.8  99.2  98.5  97.9  97.3  96.6  96.0  95.5  95.0  94.5  93.9  93.4  92.9  92.4
2021 217   4 100.0 100.0 100.0 100.0 100.0 100.0  99.9  99.6  99.3  99.1  98.8  98.5  98.1  97.5  96.9  96.3  95.7  95.0  94.4  93.8
2021 217   5 100.0 100.0 100.0 100.0 100.0 100.0  99.8  98.9  98.1  97.3  96.5  95.7  95.2  95.4  95.6  95.9  96.1  96.3  96.5  96.8
2021 217   6 100.0 100.0 100.0 100.0 100.0 100.0  99.7  98.7  97.7  96.7  95.7  94.7  94.2  94.6  95.1  95.6  96.1  96.6  97.1  97.6
2021 217   7 100.0 100.0 100.0 100.0 100.0 100.0  99.6  98.4  97.2  96.0  94.8  93.6  93.0  93.7  94.4  95.1  95.7  96.4  97.1  97.8
2021 217   8 100.0 100.0 100.0 100.0 100.0 100.0  99.5  98.0  96.5  95.0  93.5  92.0  91.2  91.8  92.4  93.0  93.6  94.2  94.8  95.4
2021 217   9 100.0 100.0 100.0 100.0 100.0 100.0  99.6  98.2  96.8  95.5  94.1  92.7  91.8  91.9  92.0  92.1  92.3  92.4  92.5  92.6
2021 217  10 100.0 100.0 100.0 100.0 100.0 100.0  99.5  97.9  96.2  94.6  93.0  91.3  90.1  89.9  89.6  89.3  89.1  88.8  88.5  88.3
2021 217  11 100.0 100.0 100.0 100.0 100.0 100.0  99.4  97.3  95.3  93.2  91.2  89.1  87.6  87.2  86.9  86.5  86.2  85.8  85.5  85.1
2021 217  12 100.0 100.0 100.0 100.0 100.0 100.0  99.2  96.4  93.6  90.8  88.0  85.2  83.3  83.2  83.1  83.0  82.9  82.8  82.7  82.7
2021 217  13 100.0 100.0 100.0 100.0 100.0 100.0  99.1  96.2  93.3  90.5  87.6  84.7  82.6  82.3  82.1  81.8  81.5  81.2  80.9  80.7
2021 217  14 100.0 100.0 100.0 100.0 100.0 100.0  99.1  96.2  93.2  90.2  87.3  84.3  82.2  81.8  81.4  81.0  80.6  80.2  79.8  79.4
2021 217  15 100.0 100.0 100.0 100.0 100.0 100.0  99.2  96.4  93.7  90.9  88.1  85.4  83.4  83.0  82.6  82.3  81.9  81.5  81.2  80.8
2021 217  16 100.0 100.0 100.0 100.0 100.0 100.0  99.2  96.3  93.5  90.7  87.8  85.0  83.1  83.1  83.1  83.0  83.0  83.0  83.0  83.0
2021 217  17 100.0 100.0 100.0 100.0 100.0 100.0  99.3  96.8  94.3  91.8  89.3  86.8  85.1  85.1  85.0  85.0  84.9  84.9  84.9  84.8
2021 217  18 100.0 100.0 100.0 100.0 100.0 100.0  99.3  97.2  95.0  92.8  90.6  88.4  86.8  86.6  86.4  86.1  85.9  85.7  85.5  85.2
2021 217  19 100.0 100.0 100.0 100.0 100.0 100.0  99.3  96.8  94.4  91.9  89.5  87.1  85.5  85.7  85.9  86.2  86.4  86.6  86.8  87.1
2021 217  20 100.0 100.0 100.0 100.0 100.0 100.0  99.5  97.8  96.1  94.4  92.7  91.0  89.8  89.4  89.0  88.7  88.3  87.9  87.6  87.2
2021 217  21 100.0 100.0 100.0 100.0 100.0 100.0  99.7  98.7  97.7  96.6  95.6  94.6  93.6  92.6  91.5  90.5  89.5  88.5  87.5  86.5
2021 217  22 100.0 100.0 100.0 100.0 100.0 100.0  99.8  99.3  98.7  98.1  97.6  97.0  96.6  96.4  96.2  96.1  95.9  95.8  95.6  95.4
2021 217  23 100.0 100.0 100.0 100.0 100.0 100.0  99.8  99.3  98.8  98.3  97.8  97.3  97.0  97.3  97.7  98.0  98.3  98.7  99.0  99.3
2021 218   0 100.0 100.0 100.0 100.0 100.0 100.0  99.8  99.3  98.8  98.3  97.8  97.3  97.2  97.7  98.2  98.7  99.3  99.8 100.0 100.0
2021 218   1 100.0 100.0 100.0 100.0 100.0 100.0  99.9  99.5  99.0  98.6  98.2  97.8  97.6  98.1  98.5  99.0  99.4  99.8 100.0 100.0
2021 218   2 100.0 100.0 100.0 100.0 100.0 100.0 100.0  99.9  99.9  99.8  99.8  99.7  99.7  99.8  99.8  99.9  99.9 100.0 100.0 100.0
2021 218   3 100.0 100.0 100.0 100.0 100.0 100.0 100.0 100.0 100.0 100.0 100.0 100.0 100.0 100.0 100.0 100.0 100.0 100.0 100.0 100.0
2021 218   4 100.0 100.0 100.0 100.0 100.0 100.0 100.0 100.0 100.0 100.0 100.0 100.0 100.0 100.0 100.0 100.0 100.0 100.0 100.0 100.0
2021 218   5 100.0 100.0 100.0 100.0 100.0 100.0 100.0 100.0 100.0 100.0 100.0 100.0 100.0 100.0 100.0 100.0 100.0 100.0 100.0 100.0
2021 218   6 100.0 100.0 100.0 100.0 100.0 100.0 100.0 100.0  99.9  99.9  99.9  99.8  99.8  99.8  99.9  99.9 100.0 100.0 100.0 100.0
2021 218   7 100.0 100.0 100.0 100.0 100.0 100.0  99.8  99.2  98.6  98.0  97.3  96.7  96.5  97.2  97.8  98.4  99.1  99.7 100.0 100.0
2021 218   8 100.0 100.0 100.0 100.0 100.0 100.0  99.8  99.2  98.6  98.0  97.4  96.8  96.6  97.2  97.8  98.4  99.0  99.6 100.0 100.0
2021 218   9 100.0 100.0 100.0 100.0 100.0 100.0  99.9  99.7  99.5  99.2  99.0  98.8  98.6  98.6  98.6  98.7  98.7  98.7  98.7  98.7
2021 218  10 100.0 100.0 100.0 100.0 100.0 100.0  99.8  99.1  98.3  97.6  96.9  96.2  95.8  96.2  96.6  96.9  97.3  97.7  98.0  98.4
2021 218  11 100.0 100.0 100.0 100.0 100.0 100.0  99.6  98.3  96.9  95.6  94.2  92.9  92.2  92.9  93.6  94.3  95.0  95.7  96.4  97.1
2021 218  12 100.0 100.0 100.0 100.0 100.0 100.0  99.6  98.3  97.0  95.8  94.5  93.2  92.4  92.6  92.8  93.0  93.2  93.4  93.6  93.8
2021 218  13 100.0 100.0 100.0 100.0 100.0 100.0  99.5  98.0  96.4  94.9  93.3  91.8  90.8  91.0  91.3  91.5  91.8  92.0  92.2  92.5
2021 218  14 100.0 100.0 100.0 100.0 100.0 100.0  99.5  98.0  96.4  94.8  93.2  91.7  90.5  90.2  89.9  89.6  89.2  88.9  88.6  88.3
2021 218  15 100.0 100.0 100.0 100.0 100.0 100.0  99.5  97.8  96.2  94.5  92.8  91.1  89.8  89.1  88.4  87.7  87.0  86.3  85.6  84.9
2021 218  16 100.0 100.0 100.0 100.0 100.0 100.0  99.4  97.5  95.6  93.7  91.7  89.8  88.4  88.2  88.0  87.8  87.6  87.4  87.2  87.0
2021 218  17 100.0 100.0 100.0 100.0 100.0 100.0  99.5  97.9  96.3  94.7  93.1  91.5  90.2  89.6  88.9  88.3  87.7  87.1  86.4  85.8
2021 218  18 100.0 100.0 100.0 100.0 100.0 100.0  99.5  97.9  96.3  94.8  93.2  91.6  90.2  89.4  88.6  87.8  87.0  86.2  85.4  84.6
2021 218  19 100.0 100.0 100.0 100.0 100.0 100.0  99.5  97.8  96.2  94.5  92.9  91.2  90.2  90.4  90.6  90.8  91.0  91.2  91.4  91.6
2021 218  20 100.0 100.0 100.0 100.0 100.0 100.0  99.5  97.9  96.3  94.6  93.0  91.4  90.5  91.0  91.6  92.2  92.7  93.3  93.8  94.4
2021 218  21 100.0 100.0 100.0 100.0 100.0 100.0  99.5  97.7  95.9  94.2  92.4  90.6  89.6  90.4  91.1  91.9  92.6  93.4  94.2  94.9
2021 218  22 100.0 100.0 100.0 100.0 100.0 100.0  99.6  98.2  96.8  95.5  94.1  92.7  92.0  92.8  93.5  94.3  95.0  95.8  96.6  97.3
2021 218  23 100.0 100.0 100.0 100.0 100.0 100.0  99.7  98.5  97.3  96.2  95.0  93.9  93.4  94.5  95.5  96.6  97.6  98.7  99.7 100.0
2021 219   0 100.0 100.0 100.0 100.0 100.0 100.0  99.6  98.4  97.2  96.0  94.8  93.5  93.1  94.4  95.7  96.9  98.2  99.5 100.0 100.0
2021 219   1 100.0 100.0 100.0 100.0 100.0 100.0  99.6  98.2  96.8  95.4  94.0  92.6  92.1  93.5  95.0  96.5  97.9  99.4 100.0 100.0
2021 219   2 100.0 100.0 100.0 100.0 100.0 100.0  99.9  99.5  99.1  98.7  98.3  98.0  97.8  98.2  98.6  99.0  99.4  99.8 100.0 100.0
2021 219   3 100.0 100.0 100.0 100.0 100.0 100.0  99.9  99.7  99.5  99.2  99.0  98.8  98.5  98.2  98.0  97.7  97.4  97.1  96.8  96.6
2021 219   4 100.0 100.0 100.0 100.0 100.0 100.0  99.9  99.4  99.0  98.5  98.1  97.6  97.1  96.5  95.8  95.2  94.6  94.0  93.3  92.7
2021 219   5 100.0 100.0 100.0 100.0 100.0 100.0  99.7  98.8  97.8  96.9  96.0  95.0  94.4  94.4  94.4  94.4  94.4  94.4  94.4  94.4
2021 219   6 100.0 100.0 100.0 100.0 100.0 100.0  99.5  97.8  96.0  94.3  92.6  90.9  89.7  89.8  89.9  90.0  90.1  90.2  90.3  90.3
2021 219   7 100.0 100.0 100.0 100.0 100.0 100.0  99.5  98.0  96.4  94.8  93.2  91.7  90.6  90.5  90.4  90.3  90.2  90.1  90.0  90.0
2021 219   8 100.0 100.0 100.0 100.0 100.0 100.0  99.5  97.8  96.2  94.5  92.9  91.2  90.2  90.4  90.5  90.7  90.9  91.1  91.3  91.5
2021 219   9 100.0 100.0 100.0 100.0 100.0 100.0  99.3  97.1  94.9  92.7  90.4  88.2  87.0  87.9  88.9  89.8  90.8  91.7  92.7  93.6
2021 219  10 100.0 100.0 100.0 100.0 100.0 100.0  99.1  96.2  93.3  90.4  87.5  84.6  83.1  84.7  86.3  87.8  89.4  91.0  92.5  94.1
2021 219  11 100.0 100.0 100.0 100.0 100.0 100.0  99.1  96.2  93.3  90.5  87.6  84.7  82.8  83.2  83.6  84.0  84.4  84.7  85.1  85.5
2021 219  12 100.0 100.0 100.0 100.0 100.0 100.0  99.1  95.9  92.8  89.6  86.5  83.3  81.2  81.3  81.4  81.5  81.7  81.8  81.9  82.0
2021 219  13 100.0 100.0 100.0 100.0 100.0 100.0  99.1  95.9  92.7  89.6  86.4  83.2  81.1  81.0  80.9  80.8  80.7  80.6  80.5  80.5
2021 219  14 100.0 100.0 100.0 100.0 100.0 100.0  99.1  96.1  93.2  90.2  87.2  84.2  82.0  81.3  80.7  80.0  79.3  78.7  78.0  77.3
2021 219  15 100.0 100.0 100.0 100.0 100.0 100.0  99.0  95.7  92.3  89.0  85.6  82.3  79.8  79.3  78.8  78.3  77.8  77.3  76.8  76.3
2021 219  16 100.0 100.0 100.0 100.0 100.0 100.0  99.1  96.0  92.8  89.7  86.6  83.5  81.1  80.3  79.4  78.6  77.7  76.8  76.0  75.1
2021 219  17 100.0 100.0 100.0 100.0 100.0 100.0  99.1  96.2  93.2  90.2  87.3  84.3  82.1  81.5  80.9  80.3  79.7  79.1  78.5  77.9
2021 219  18 100.0 100.0 100.0 100.0 100.0 100.0  99.1  95.9  92.8  89.6  86.5  83.3  81.0  80.5  79.9  79.3  78.8  78.2  77.7  77.1
2021 219  19 100.0 100.0 100.0 100.0 100.0 100.0  99.1  95.9  92.8  89.6  86.5  83.3  81.0  80.5  79.9  79.3  78.8  78.2  77.7  77.1
2021 219  20 100.0 100.0 100.0 100.0 100.0 100.0  99.2  96.6  94.0  91.3  88.7  86.1  84.4  84.8  85.2  85.6  86.0  86.4  86.8  87.2
2021 219  21 100.0 100.0 100.0 100.0 100.0 100.0  99.4  97.5  95.5  93.6  91.7  89.7  88.4  88.2  88.1  88.0  87.9  87.7  87.6  87.5
2021 219  22 100.0 100.0 100.0 100.0 100.0 100.0  99.4  97.2  95.1  93.0  90.9  88.7  87.8  89.3  90.7  92.2  93.7  95.2  96.7  98.2
2021 219  23 100.0 100.0 100.0 100.0 100.0 100.0  99.3  96.8  94.4  92.0  89.6  87.1  86.1  88.2  90.2  92.2  94.2  96.2  98.2 100.0
2021 220   0 100.0 100.0 100.0 100.0 100.0 100.0  99.6  98.2  96.7  95.3  93.9  92.5  91.9  93.1  94.3  95.6  96.8  98.0  99.2 100.0
2021 220   1 100.0 100.0 100.0 100.0 100.0 100.0  99.6  98.4  97.1  95.9  94.6  93.4  92.8  93.7  94.6  95.5  96.4  97.2  98.1  99.0
2021 220   2 100.0 100.0 100.0 100.0 100.0 100.0  99.6  98.2  96.8  95.4  94.0  92.6  92.0  93.1  94.3  95.4  96.6  97.7  98.9 100.0
2021 220   3 100.0 100.0 100.0 100.0 100.0 100.0  99.6  98.1  96.7  95.3  93.8  92.4  91.8  93.0  94.2  95.4  96.6  97.8  99.0 100.0
2021 220   4 100.0 100.0 100.0 100.0 100.0 100.0 100.0  99.8  99.7  99.5  99.4  99.2  99.1  99.3  99.4  99.5  99.6  99.8  99.9 100.0
2021 220   5  99.8  99.8  99.8  99.9  99.9  99.9  99.9  99.9  99.9 100.0 100.0 100.0 100.0 100.0 100.0  99.9  99.9  99.9  99.9  99.9
2021 220   6  99.8  99.8  99.8  99.9  99.9  99.9  99.9  99.9  99.9 100.0 100.0 100.0 100.0 100.0 100.0 100.0 100.0 100.0 100.0 100.0
2021 220   7  99.9  99.9  99.9  99.9  99.9  99.9  99.9  99.9  99.9  99.9  99.9  99.9  99.9  99.9  99.9 100.0 100.0 100.0 100.0 100.0
2021 220   8 100.0 100.0 100.0 100.0 100.0 100.0  99.8  99.6  99.4  99.2  99.0  98.8  98.8  99.0  99.2  99.5  99.7  99.9 100.0 100.0
2021 220   9 100.0 100.0 100.0 100.0 100.0 100.0  99.7  99.2  98.7  98.2  97.7  97.2  97.1  97.5  98.0  98.5  99.0  99.5 100.0 100.0
2021 220  10 100.0 100.0 100.0 100.0 100.0 100.0  99.7  98.9  98.2  97.5  96.7  96.0  95.7  96.3  96.9  97.5  98.1  98.7  99.3  99.9
2021 220  11 100.0 100.0 100.0 100.0 100.0 100.0  99.7  98.6  97.5  96.4  95.3  94.2  93.8  94.5  95.3  96.1  96.9  97.7  98.5  99.3
2021 220  12 100.0 100.0 100.0 100.0 100.0 100.0  99.6  98.2  96.8  95.5  94.1  92.7  92.1  92.8  93.6  94.4  95.2  96.0  96.8  97.6
2021 220  13 100.0 100.0 100.0 100.0 100.0 100.0  99.5  98.0  96.5  94.9  93.4  91.8  91.0  91.8  92.6  93.4  94.1  94.9  95.7  96.4
2021 220  14 100.0 100.0 100.0 100.0 100.0 100.0  99.4  97.6  95.8  93.9  92.1  90.3  89.3  90.2  91.2  92.1  93.1  94.0  95.0  95.9
2021 220  15 100.0 100.0 100.0 100.0 100.0 100.0  99.4  97.3  95.3  93.3  91.2  89.2  88.1  88.9  89.8  90.6  91.5  92.4  93.2  94.1
2021 220  16 100.0 100.0 100.0 100.0 100.0 100.0  99.4  97.3  95.2  93.2  91.1  89.0  87.8  88.6  89.3  90.0  90.8  91.5  92.2  93.0
2021 220  17 100.0 100.0 100.0 100.0 100.0 100.0  99.3  97.0  94.7  92.3  90.0  87.7  86.4  87.4  88.5  89.5  90.5  91.5  92.5  93.5
2021 220  18 100.0 100.0 100.0 100.0 100.0 100.0  99.3  97.1  94.9  92.7  90.4  88.2  87.0  87.8  88.6  89.4  90.3  91.1  91.9  92.7
2021 220  19 100.0 100.0 100.0 100.0 100.0 100.0  99.3  97.2  95.0  92.8  90.6  88.4  87.2  88.1  89.0  89.9  90.8  91.7  92.6  93.6
2021 220  20 100.0 100.0 100.0 100.0 100.0 100.0  99.4  97.2  95.0  92.9  90.7  88.6  87.3  88.0  88.7  89.4  90.1  90.8  91.5  92.2
2021 220  21 100.0 100.0 100.0 100.0 100.0 100.0  99.8  99.0  98.2  97.4  96.5  95.7  95.0  94.3  93.7  93.1  92.4  91.8  91.1  90.5
2021 220  22 100.0 100.0 100.0 100.0 100.0 100.0 100.0  99.8  99.7  99.5  99.4  99.2  98.8  97.7  96.7  95.6  94.6  93.5  92.5  91.4
2021 220  23 100.0 100.0 100.0 100.0 100.0 100.0 100.0 100.0 100.0 100.0 100.0 100.0  99.7  99.0  98.2  97.4  96.6  95.8  95.0  94.2
2021 221   0 100.0 100.0 100.0 100.0 100.0 100.0 100.0 100.0 100.0 100.0 100.0 100.0  99.7  99.0  98.2  97.4  96.6  95.8  95.0  94.2
2021 221   1 100.0 100.0 100.0 100.0 100.0 100.0 100.0 100.0 100.0 100.0 100.0 100.0  99.7  98.8  97.8  96.9  95.9  95.0  94.0  93.1
2021 221   2 100.0 100.0 100.0 100.0 100.0 100.0 100.0  99.9  99.8  99.8  99.7  99.6  99.3  98.5  97.6  96.8  95.9  95.0  94.2  93.3
2021 221   3 100.0 100.0 100.0 100.0 100.0 100.0 100.0 100.0 100.0  99.9  99.9  99.9  99.7  98.9  98.2  97.4  96.7  95.9  95.1  94.4
2021 221   4 100.0 100.0 100.0 100.0 100.0 100.0 100.0  99.9  99.8  99.8  99.7  99.6  99.4  98.8  98.2  97.6  97.0  96.4  95.8  95.2
2021 221   5 100.0 100.0 100.0 100.0 100.0 100.0  99.9  99.8  99.6  99.4  99.3  99.1  98.8  98.4  97.9  97.4  97.0  96.5  96.0  95.5
2021 221   6 100.0 100.0 100.0 100.0 100.0 100.0  99.8  99.2  98.6  98.0  97.4  96.8  96.4  96.3  96.2  96.1  95.9  95.8  95.7  95.6
2021 221   7 100.0 100.0 100.0 100.0 100.0 100.0  99.9  99.5  99.1  98.7  98.3  98.0  97.6  97.3  97.1  96.8  96.5  96.2  95.9  95.7
2021 221   8 100.0 100.0 100.0 100.0 100.0 100.0  99.7  98.5  97.4  96.2  95.1  94.0  93.5  94.4  95.2  96.1  97.0  97.8  98.7  99.6
2021 221   9 100.0 100.0 100.0 100.0 100.0 100.0  99.1  96.3  93.4  90.6  87.7  84.8  83.5  85.5  87.4  89.3  91.3  93.2  95.2  97.1
2021 221  10 100.0 100.0 100.0 100.0 100.0 100.0  99.0  95.5  92.0  88.5  85.0  81.5  79.7  81.4  83.2  85.0  86.7  88.5  90.3  92.0
2021 221  11 100.0 100.0 100.0 100.0 100.0 100.0  99.0  95.7  92.4  89.1  85.8  82.5  80.2  80.0  79.9  79.7  79.5  79.3  79.1  78.9
2021 221  12 100.0 100.0 100.0 100.0 100.0 100.0  98.9  95.7  92.4  89.2  85.9  82.7  80.4  80.2  80.1  79.9  79.7  79.5  79.3  79.1
2021 221  13 100.0 100.0 100.0 100.0 100.0 100.0  97.8  94.6  91.3  88.0  84.8  81.5  79.3  79.3  79.3  79.3  79.3  79.3  79.3  79.3
2021 221  14 100.0 100.0 100.0 100.0 100.0 100.0  98.8  95.0  91.2  87.4  83.6  79.9  77.3  77.3  77.3  77.3  77.3  77.3  77.3  77.3
2021 221  15 100.0 100.0 100.0 100.0 100.0 100.0  98.3  94.5  90.6  86.8  82.9  79.0  76.5  76.7  76.8  77.0  77.2  77.4  77.6  77.8
2021 221  16 100.0 100.0 100.0 100.0 100.0 100.0  98.8  94.7  90.7  86.6  82.5  78.5  75.9  76.6  77.3  78.0  78.7  79.4  80.1  80.8
2021 221  17 100.0 100.0 100.0 100.0 100.0 100.0  98.8  94.9  91.0  87.1  83.2  79.3  76.9  77.4  77.9  78.4  78.9  79.4  79.9  80.4
2021 221  18 100.0 100.0 100.0 100.0 100.0 100.0  99.1  96.2  93.3  90.5  87.6  84.7  82.6  82.2  81.9  81.5  81.2  80.8  80.5  80.1
2021 221  19 100.0 100.0 100.0 100.0 100.0 100.0  99.0  95.9  92.7  89.5  86.3  83.2  81.1  81.5  81.8  82.2  82.5  82.9  83.2  83.6
2021 221  20 100.0 100.0 100.0 100.0 100.0 100.0  97.7  94.5  91.4  88.2  85.0  81.8  80.0  81.1  82.3  83.4  84.6  85.7  86.9  88.0
2021 221  21 100.0 100.0 100.0 100.0 100.0  97.8  94.8  91.9  88.9  86.0  83.0  80.1  78.7  80.5  82.4  84.2  86.0  87.9  89.7  91.5
2021 221  22 100.0 100.0 100.0 100.0 100.0  97.5  94.7  91.8  89.0  86.2  83.3  80.5  79.2  81.2  83.2  85.2  87.1  89.1  91.1  93.1
2021 221  23 100.0 100.0 100.0 100.0  98.5  96.1  93.8  91.5  89.2  86.8  84.5  82.2  81.1  82.7  84.3  85.9  87.5  89.1  90.7  92.2
2021 222   0 100.0 100.0 100.0 100.0 100.0  97.8  95.2  92.7  90.1  87.5  84.9  82.4  81.2  83.0  84.8  86.6  88.4  90.2  92.0  93.8
2021 222   1 100.0 100.0 100.0 100.0 100.0  99.6  96.6  93.5  90.5  87.4  84.3  81.3  79.8  81.6  83.3  85.1  86.9  88.7  90.5  92.3
2021 222   2 100.0 100.0 100.0 100.0 100.0 100.0  97.5  94.2  91.0  87.7  84.4  81.1  79.5  81.6  83.6  85.6  87.7  89.7  91.7  93.7
2021 222   3 100.0 100.0 100.0 100.0 100.0 100.0  99.1  95.9  92.8  89.6  86.5  83.3  81.7  83.2  84.8  86.3  87.8  89.4  90.9  92.5
2021 222   4 100.0 100.0 100.0 100.0 100.0 100.0  98.8  95.8  92.8  89.8  86.8  83.7  82.1  83.2  84.3  85.4  86.5  87.7  88.8  89.9
2021 222   5 100.0 100.0 100.0 100.0 100.0  97.4  94.7  92.0  89.2  86.5  83.8  81.1  79.8  81.7  83.6  85.5  87.4  89.2  91.1  93.0
2021 222   6 100.0 100.0  98.1  96.2  94.2  92.3  90.3  88.4  86.4  84.4  82.5  80.5  79.8  81.5  83.2  84.9  86.7  88.4  90.1  91.9
2021 222   7  96.9  95.3  93.7  92.1  90.5  88.9  87.3  85.7  84.1  82.6  81.0  79.4  78.8  80.3  81.8  83.3  84.9  86.4  87.9  89.4
2021 222   8  95.6  94.1  92.6  91.1  89.6  88.1  86.5  85.0  83.5  82.0  80.5  79.0  78.2  79.0  79.8  80.6  81.3  82.1  82.9  83.6
2021 222   9  97.9  95.7  93.5  91.4  89.2  87.0  84.8  82.7  80.5  78.3  76.2  74.0  73.0  74.4  75.9  77.4  78.8  80.3  81.8  83.3
2021 222  10  94.8  93.0  91.1  89.3  87.5  85.7  83.9  82.0  80.2  78.4  76.6  74.7  74.0  75.5  77.0  78.6  80.1  81.6  83.1  84.6
2021 222  11  97.4  95.5  93.6  91.7  89.8  87.9  86.0  84.1  82.3  80.4  78.5  76.6  75.7  76.8  77.9  79.0  80.1  81.3  82.4  83.5
2021 222  12  97.9  96.0  94.1  92.2  90.3  88.4  86.5  84.6  82.8  80.9  79.0  77.1  76.1  77.0  78.0  78.9  79.9  80.8  81.8  82.7
2021 222  13  99.5  97.4  95.3  93.1  91.0  88.9  86.8  84.6  82.5  80.4  78.3  76.1  75.0  75.8  76.6  77.4  78.3  79.1  79.9  80.7
2021 222  14 100.0 100.0  97.5  94.9  92.2  89.6  86.9  84.2  81.6  78.9  76.3  73.6  72.2  73.4  74.6  75.7  76.9  78.1  79.3  80.5
2021 222  15 100.0  99.7  96.9  94.2  91.5  88.7  86.0  83.2  80.5  77.8  75.0  72.3  70.9  72.5  74.0  75.6  77.1  78.7  80.2  81.8
2021 222  16 100.0  98.2  95.9  93.5  91.2  88.8  86.5  84.2  81.8  79.5  77.1  74.8  73.6  74.9  76.2  77.6  78.9  80.2  81.5  82.8
2021 222  17 100.0 100.0 100.0 100.0  97.0  93.7  90.4  87.1  83.8  80.5  77.2  73.9  72.4  74.5  76.6  78.8  80.9  83.0  85.2  87.3
2021 222  18 100.0 100.0 100.0 100.0  99.6  96.4  93.2  90.0  86.9  83.7  80.5  77.3  75.4  76.4  77.4  78.4  79.4  80.4  81.4  82.4
2021 222  19 100.0 100.0  99.8  97.4  95.0  92.5  90.1  87.6  85.2  82.7  80.3  77.9  76.5  77.6  78.7  79.8  80.9  82.0  83.1  84.1
2021 222  20 100.0 100.0  99.1  97.0  94.9  92.9  90.8  88.7  86.6  84.6  82.5  80.4  79.2  80.0  80.7  81.4  82.2  82.9  83.6  84.4
2021 222  21 100.0 100.0 100.0 100.0 100.0 100.0  98.9  95.2  91.5  87.7  84.0  80.3  78.2  79.3  80.4  81.6  82.7  83.8  85.0  86.1
2021 222  22 100.0 100.0 100.0 100.0 100.0 100.0  98.9  95.4  91.8  88.3  84.8  81.2  79.2  80.3  81.4  82.5  83.6  84.8  85.9  87.0
2021 222  23 100.0 100.0 100.0 100.0 100.0 100.0  99.2  96.4  93.6  90.8  88.0  85.2  83.4  83.8  84.2  84.6  85.0  85.3  85.7  86.1
2021 223   0 100.0 100.0 100.0 100.0 100.0 100.0  99.2  96.5  93.8  91.2  88.5  85.8  84.1  84.3  84.5  84.7  84.9  85.1  85.3  85.5
2021 223   1 100.0 100.0 100.0 100.0 100.0 100.0  99.1  96.2  93.2  90.3  87.3  84.4  82.6  83.3  84.1  84.8  85.5  86.2  86.9  87.6
2021 223   2 100.0 100.0 100.0 100.0 100.0 100.0  99.5  97.7  96.0  94.3  92.5  90.8  89.5  89.3  89.0  88.8  88.5  88.3  88.1  87.8
2021 223   3 100.0 100.0 100.0 100.0 100.0 100.0  99.6  98.2  96.8  95.4  94.0  92.6  91.8  92.0  92.2  92.4  92.6  92.8  93.0  93.2
2021 223   4 100.0 100.0 100.0 100.0 100.0 100.0  99.7  98.8  97.8  96.9  95.9  94.9  94.4  94.9  95.4  95.8  96.3  96.7  97.2  97.6
2021 223   5 100.0 100.0 100.0 100.0 100.0 100.0  99.9  99.4  99.0  98.5  98.1  97.6  97.3  97.4  97.4  97.5  97.5  97.6  97.6  97.7
2021 223   6 100.0 100.0 100.0 100.0 100.0 100.0  99.9  99.4  99.0  98.5  98.1  97.6  97.4  97.9  98.3  98.8  99.2  99.6 100.0 100.0
2021 223   7 100.0 100.0 100.0 100.0 100.0 100.0  99.9  99.5  99.0  98.6  98.2  97.8  97.6  98.0  98.4  98.8  99.2  99.6 100.0 100.0
2021 223   8 100.0 100.0 100.0 100.0 100.0 100.0  99.9  99.5  99.1  98.7  98.3  97.9  97.6  97.6  97.5  97.5  97.4  97.4  97.4  97.3
2021 223   9 100.0 100.0 100.0 100.0 100.0 100.0  99.9  99.5  99.2  98.8  98.4  98.1  97.7  97.3  97.0  96.6  96.3  95.9  95.6  95.2
2021 223  10 100.0 100.0 100.0 100.0 100.0 100.0  99.9  99.4  98.9  98.4  97.9  97.4  97.1  97.1  97.0  97.0  96.9  96.9  96.9  96.8
2021 223  11 100.0 100.0 100.0 100.0 100.0 100.0  99.9  99.5  99.1  98.7  98.3  98.0  97.7  97.7  97.7  97.7  97.7  97.7  97.7  97.7
2021 223  12 100.0 100.0 100.0 100.0 100.0 100.0  99.8  99.3  98.8  98.2  97.7  97.2  96.7  96.5  96.3  96.1  95.9  95.7  95.5  95.3
2021 223  13 100.0 100.0 100.0 100.0 100.0 100.0  99.8  99.1  98.4  97.7  97.0  96.3  95.7  95.3  94.9  94.6  94.2  93.8  93.5  93.1
2021 223  14 100.0 100.0 100.0 100.0 100.0 100.0  99.6  98.5  97.3  96.1  95.0  93.8  93.0  93.0  93.0  92.9  92.9  92.9  92.9  92.9
2021 223  15 100.0 100.0 100.0 100.0 100.0 100.0  99.6  98.1  96.6  95.1  93.6  92.1  91.3  91.7  92.2  92.7  93.1  93.6  94.1  94.6
2021 223  16 100.0 100.0 100.0 100.0 100.0 100.0  99.6  98.1  96.7  95.2  93.7  92.3  91.3  91.1  90.9  90.8  90.6  90.5  90.3  90.1
2021 223  17 100.0 100.0 100.0 100.0 100.0 100.0  99.6  98.2  96.8  95.4  94.0  92.6  91.3  90.4  89.4  88.5  87.6  86.7  85.7  84.8
2021 223  18 100.0 100.0 100.0 100.0 100.0 100.0  99.5  98.0  96.5  94.9  93.4  91.8  90.8  91.0  91.1  91.3  91.4  91.5  91.7  91.8
2021 223  19 100.0 100.0 100.0 100.0 100.0 100.0  99.6  98.4  97.2  96.0  94.8  93.5  92.7  92.6  92.5  92.5  92.4  92.3  92.3  92.2
2021 223  20 100.0 100.0 100.0 100.0 100.0 100.0  99.7  98.7  97.7  96.7  95.7  94.7  94.0  94.0  94.0  94.0  94.0  94.0  94.0  94.0
2021 223  21 100.0 100.0 100.0 100.0 100.0 100.0  99.7  98.8  97.9  97.0  96.1  95.2  94.7  94.9  95.0  95.2  95.4  95.6  95.8  96.0
2021 223  22 100.0 100.0 100.0 100.0 100.0 100.0  99.8  99.1  98.5  97.8  97.1  96.5  96.1  96.2  96.4  96.5  96.7  96.8  97.0  97.2
2021 223  23 100.0 100.0 100.0 100.0 100.0 100.0  99.8  99.3  98.7  98.1  97.6  97.0  96.7  97.2  97.6  98.0  98.4  98.8  99.3  99.7
2021 224   0 100.0 100.0 100.0 100.0 100.0 100.0  99.8  99.2  98.7  98.1  97.5  96.9  96.7  97.2  97.7  98.2  98.8  99.3  99.8 100.0
2021 224   1 100.0 100.0 100.0 100.0 100.0 100.0  99.8  99.2  98.6  98.0  97.3  96.7  96.5  97.0  97.5  98.0  98.5  99.0  99.5 100.0
2021 224   2 100.0 100.0 100.0 100.0 100.0 100.0  99.9  99.4  98.9  98.4  97.9  97.4  97.3  97.7  98.2  98.7  99.2  99.7 100.0 100.0
2021 224   3 100.0 100.0 100.0 100.0 100.0 100.0  99.7  98.9  98.1  97.2  96.4  95.6  95.3  96.2  97.0  97.9  98.8  99.7 100.0 100.0
2021 224   4 100.0 100.0 100.0 100.0 100.0 100.0  99.8  99.2  98.6  98.0  97.4  96.8  96.6  97.2  97.8  98.4  99.0  99.6 100.0 100.0
2021 224   5 100.0 100.0 100.0 100.0 100.0 100.0  99.7  98.8  97.8  96.9  96.0  95.0  94.4  94.6  94.7  94.8  94.9  95.1  95.2  95.3
2021 224   6 100.0 100.0 100.0 100.0 100.0 100.0  99.7  98.6  97.5  96.4  95.3  94.2  93.4  93.2  92.9  92.7  92.4  92.2  92.0  91.7
2021 224   7 100.0 100.0 100.0 100.0 100.0 100.0  99.6  98.3  97.1  95.8  94.5  93.3  92.4  92.3  92.2  92.1  91.9  91.8  91.7  91.6
2021 224   8 100.0 100.0 100.0 100.0 100.0 100.0  99.6  98.3  97.0  95.8  94.5  93.2  92.4  92.7  93.0  93.3  93.6  93.9  94.2  94.5
2021 224   9 100.0 100.0 100.0 100.0 100.0 100.0  99.5  97.7  95.9  94.2  92.4  90.6  89.6  90.3  90.9  91.5  92.2  92.8  93.5  94.1
2021 224  10 100.0 100.0 100.0 100.0 100.0 100.0  99.4  97.4  95.4  93.4  91.4  89.4  88.2  88.6  89.1  89.6  90.0  90.5  91.0  91.5
2021 224  11 100.0 100.0 100.0 100.0 100.0 100.0  99.3  97.0  94.7  92.3  90.0  87.7  86.3  86.9  87.6  88.2  88.8  89.4  90.1  90.7
2021 224  12 100.0 100.0 100.0 100.0 100.0 100.0  99.2  96.5  93.8  91.1  88.4  85.6  84.0  84.7  85.4  86.1  86.8  87.5  88.2  88.9
2021 224  13 100.0 100.0 100.0 100.0 100.0 100.0  99.1  96.1  93.1  90.1  87.1  84.0  82.1  82.6  83.0  83.5  83.9  84.3  84.8  85.2
2021 224  14 100.0 100.0 100.0 100.0 100.0 100.0  99.1  95.9  92.8  89.6  86.5  83.3  81.2  81.3  81.3  81.4  81.4  81.5  81.5  81.6
2021 224  15 100.0 100.0 100.0 100.0 100.0 100.0  99.1  95.9  92.8  89.7  86.6  83.4  81.2  80.9  80.6  80.3  80.0  79.7  79.4  79.1
2021 224  16 100.0 100.0 100.0 100.0 100.0 100.0  99.1  96.0  93.0  89.9  86.8  83.8  81.5  81.0  80.4  79.9  79.4  78.8  78.3  77.7
2021 224  17 100.0 100.0 100.0 100.0 100.0 100.0  99.0  96.0  93.1  90.1  87.1  84.1  82.0  81.8  81.5  81.2  81.0  80.7  80.4  80.2
2021 224  18 100.0 100.0 100.0 100.0 100.0  99.3  96.6  93.9  91.3  88.6  86.0  83.3  81.5  81.6  81.7  81.7  81.8  81.9  81.9  82.0
2021 224  19 100.0 100.0 100.0 100.0 100.0 100.0  97.7  94.8  92.0  89.2  86.3  83.5  81.8  82.3  82.8  83.3  83.8  84.3  84.8  85.3
2021 224  20 100.0 100.0 100.0 100.0 100.0 100.0  98.9  96.2  93.4  90.7  88.0  85.3  83.6  84.1  84.6  85.1  85.7  86.2  86.7  87.2
2021 224  21 100.0 100.0 100.0 100.0 100.0 100.0  98.3  95.8  93.4  91.0  88.6  86.1  84.8  85.6  86.4  87.2  88.0  88.8  89.6  90.4
2021 224  22 100.0 100.0 100.0 100.0 100.0 100.0  98.4  96.2  93.9  91.7  89.4  87.1  85.7  86.2  86.6  87.0  87.4  87.8  88.3  88.7
2021 224  23 100.0 100.0 100.0 100.0 100.0 100.0  99.2  96.9  94.6  92.2  89.9  87.6  85.9  85.4  84.9  84.5  84.0  83.6  83.1  82.7
2021 225   0 100.0 100.0 100.0 100.0 100.0 100.0  99.2  96.8  94.4  92.1  89.7  87.3  85.5  84.7  84.0  83.2  82.5  81.7  80.9  80.2
2021 225   1 100.0 100.0 100.0 100.0 100.0 100.0  99.2  96.5  93.9  91.2  88.6  85.9  83.7  82.6  81.5  80.4  79.3  78.2  77.1  76.0
2021 225   2 100.0 100.0 100.0 100.0 100.0 100.0  98.9  96.0  93.2  90.4  87.5  84.7  82.4  81.1  79.9  78.6  77.4  76.1  74.8  73.6
2021 225   3 100.0 100.0 100.0 100.0 100.0 100.0  99.1  96.2  93.2  90.3  87.3  84.4  82.1  81.2  80.3  79.4  78.5  77.7  76.8  75.9
2021 225   4 100.0 100.0 100.0 100.0 100.0 100.0  99.1  96.0  92.9  89.8  86.8  83.7  81.3  80.5  79.7  78.9  78.1  77.3  76.5  75.7
2021 225   5 100.0 100.0 100.0 100.0 100.0 100.0  97.3  94.2  91.1  88.0  84.9  81.8  79.4  78.4  77.4  76.4  75.5  74.5  73.5  72.5
2021 225   6 100.0 100.0 100.0 100.0 100.0 100.0  98.1  94.3  90.6  86.8  83.1  79.3  76.7  76.3  75.9  75.6  75.2  74.8  74.5  74.1
2021 225   7 100.0 100.0 100.0 100.0 100.0  97.2  94.1  91.0  87.9  84.8  81.7  78.6  76.4  76.2  75.9  75.7  75.4  75.2  75.0  74.7
2021 225   8 100.0  99.7  97.7  95.7  93.7  91.7  89.7  87.7  85.7  83.7  81.7  79.8  78.2  77.4  76.7  76.0  75.2  74.5  73.8  73.0
2021 225   9 100.0 100.0  99.0  96.5  93.9  91.4  88.8  86.3  83.8  81.2  78.7  76.1  74.4  74.2  74.1  73.9  73.8  73.7  73.5  73.4
2021 225  10 100.0 100.0  98.2  95.8  93.3  90.9  88.5  86.0  83.6  81.1  78.7  76.3  74.7  74.9  75.1  75.4  75.6  75.8  76.0  76.3
2021 225  11 100.0 100.0 100.0 100.0 100.0  97.3  94.0  90.7  87.3  84.0  80.6  77.3  75.1  75.4  75.6  75.9  76.2  76.5  76.8  77.0
2021 225  12 100.0 100.0 100.0 100.0 100.0  97.7  94.0  90.3  86.7  83.0  79.4  75.7  73.2  73.1  73.0  73.0  72.9  72.8  72.8  72.7
2021 225  13 100.0 100.0 100.0  98.9  96.4  93.9  91.5  89.0  86.5  84.0  81.5  79.0  77.0  76.0  75.0  74.0  73.0  72.0  71.0  70.0
2021 225  14 100.0 100.0 100.0 100.0 100.0  99.2  96.8  94.4  92.1  89.7  87.4  85.0  82.8  81.0  79.3  77.5  75.7  73.9  72.1  70.3
2021 225  15 100.0 100.0 100.0 100.0 100.0 100.0  99.6  98.3  97.0  95.7  94.4  93.1  91.7  90.2  88.8  87.3  85.8  84.3  82.8  81.3
2021 225  16 100.0 100.0 100.0 100.0 100.0 100.0  99.8  99.0  98.3  97.6  96.8  96.1  95.6  95.8  95.9  96.0  96.1  96.3  96.4  96.5
2021 225  17 100.0 100.0 100.0 100.0 100.0 100.0  99.7  98.7  97.8  96.8  95.8  94.9  94.3  94.8  95.3  95.7  96.2  96.6  97.1  97.5
2021 225  18 100.0 100.0 100.0 100.0 100.0 100.0  99.7  98.7  97.8  96.8  95.8  94.9  94.4  95.1  95.9  96.6  97.3  98.0  98.7  99.4
2021 225  19 100.0 100.0 100.0 100.0 100.0 100.0  99.7  99.2  98.7  98.1  97.6  97.1  96.9  97.3  97.8  98.3  98.7  99.2  99.7 100.0
2021 225  20 100.0 100.0 100.0 100.0 100.0 100.0  99.8  99.3  98.8  98.3  97.8  97.3  97.2  97.7  98.2  98.7  99.2  99.7 100.0 100.0
2021 225  21 100.0 100.0 100.0 100.0 100.0 100.0  99.8  99.4  99.0  98.6  98.2  97.9  97.7  98.2  98.6  99.0  99.4  99.8 100.0 100.0
2021 225  22 100.0 100.0 100.0 100.0 100.0 100.0  99.8  99.5  99.1  98.8  98.5  98.1  98.0  98.4  98.8  99.1  99.5  99.9 100.0 100.0
2021 225  23 100.0 100.0 100.0 100.0 100.0 100.0  99.8  99.4  99.1  98.7  98.3  97.9  97.8  98.2  98.6  99.0  99.4  99.8 100.0 100.0
2021 226   0 100.0 100.0 100.0 100.0 100.0 100.0  99.8  99.4  98.9  98.5  98.1  97.7  97.5  98.0  98.5  98.9  99.4  99.8 100.0 100.0
2021 226   1 100.0 100.0 100.0 100.0 100.0 100.0  99.7  98.8  97.8  96.9  96.0  95.0  94.7  95.7  96.7  97.7  98.6  99.6 100.0 100.0
2021 226   2 100.0 100.0 100.0 100.0 100.0 100.0  99.7  98.5  97.4  96.2  95.1  94.0  93.6  94.8  96.0  97.1  98.3  99.5 100.0 100.0
2021 226   3 100.0 100.0 100.0 100.0 100.0 100.0  99.7  98.5  97.4  96.3  95.2  94.1  93.7  94.8  96.0  97.2  98.4  99.5 100.0 100.0
2021 226   4 100.0 100.0 100.0 100.0 100.0 100.0  99.7  98.5  97.3  96.2  95.0  93.9  93.5  94.7  95.9  97.1  98.3  99.5 100.0 100.0
2021 226   5 100.0 100.0 100.0 100.0 100.0 100.0  99.7  98.8  97.8  96.9  95.9  94.9  94.6  95.6  96.6  97.6  98.6  99.6 100.0 100.0
2021 226   6 100.0 100.0 100.0 100.0 100.0 100.0  99.6  98.5  97.3  96.1  95.0  93.8  93.4  94.6  95.8  97.1  98.3  99.5 100.0 100.0
2021 226   7 100.0 100.0 100.0 100.0 100.0 100.0  99.7  98.9  98.1  97.2  96.4  95.6  95.3  96.2  97.0  97.9  98.8  99.7 100.0 100.0
2021 226   8 100.0 100.0 100.0 100.0 100.0 100.0  99.8  99.4  98.9  98.5  98.1  97.7  97.5  98.0  98.5  98.9  99.4  99.8 100.0 100.0
2021 226   9 100.0 100.0 100.0 100.0 100.0 100.0  99.9  99.7  99.6  99.5  99.3  99.2  99.2  99.3  99.5  99.6  99.8  99.9 100.0 100.0
2021 226  10 100.0 100.0 100.0 100.0 100.0  99.9  99.9  99.8  99.7  99.7  99.6  99.5  99.5  99.6  99.7  99.7  99.8  99.9  99.9 100.0
2021 226  11 100.0 100.0 100.0 100.0 100.0 100.0 100.0 100.0 100.0 100.0 100.0 100.0 100.0 100.0 100.0 100.0 100.0 100.0 100.0 100.0
2021 226  12 100.0 100.0 100.0 100.0 100.0 100.0 100.0  99.9  99.8  99.8  99.7  99.6  99.6  99.5  99.4  99.4  99.3  99.2  99.2  99.1
2021 226  13 100.0 100.0 100.0 100.0 100.0  99.9  99.9  99.8  99.8  99.7  99.7  99.6  99.5  99.3  99.2  99.0  98.8  98.6  98.4  98.2
2021 226  14 100.0 100.0 100.0 100.0 100.0 100.0 100.0 100.0 100.0 100.0 100.0 100.0  99.9  99.4  99.0  98.6  98.2  97.8  97.3  96.9
2021 226  15 100.0 100.0 100.0 100.0 100.0 100.0  99.8  99.6  99.4  99.2  99.0  98.7  98.6  98.4  98.3  98.1  98.0  97.9  97.7  97.6
2021 226  16 100.0 100.0 100.0 100.0 100.0 100.0  99.8  99.4  98.9  98.5  98.1  97.7  97.4  97.2  97.1  97.0  96.9  96.7  96.6  96.5
2021 226  17 100.0 100.0 100.0 100.0 100.0 100.0  99.8  99.4  99.0  98.6  98.2  97.8  97.5  97.5  97.5  97.4  97.4  97.4  97.4  97.4
2021 226  18 100.0 100.0 100.0 100.0 100.0 100.0  99.8  99.5  99.2  99.0  98.7  98.4  98.2  98.2  98.1  98.1  98.0  98.0  98.0  97.9
2021 226  19 100.0 100.0 100.0 100.0 100.0 100.0  99.9  99.4  98.9  98.5  98.0  97.5  97.3  97.6  97.9  98.2  98.5  98.8  99.1  99.4
2021 226  20 100.0 100.0 100.0 100.0 100.0 100.0  99.9  99.7  99.4  99.2  98.9  98.7  98.6  98.8  99.1  99.4  99.6  99.9 100.0 100.0
2021 226  21 100.0 100.0 100.0 100.0 100.0 100.0 100.0 100.0  99.9  99.9  99.9  99.8  99.8  99.8  99.9  99.9 100.0 100.0 100.0 100.0
2021 226  22 100.0 100.0 100.0 100.0 100.0 100.0 100.0  99.8  99.7  99.6  99.4  99.3  99.2  99.4  99.5  99.7  99.8  99.9 100.0 100.0
2021 226  23 100.0 100.0 100.0 100.0 100.0 100.0  99.9  99.7  99.5  99.3  99.1  98.9  98.9  99.1  99.3  99.5  99.7  99.9 100.0 100.0
2021 227   0 100.0 100.0 100.0 100.0 100.0 100.0  99.9  99.6  99.3  99.0  98.7  98.4  98.3  98.6  98.9  99.2  99.6  99.9 100.0 100.0
2021 227   1 100.0 100.0 100.0 100.0 100.0 100.0  99.9  99.6  99.2  98.9  98.6  98.2  98.1  98.5  98.8  99.2  99.5  99.9 100.0 100.0
2021 227   2 100.0 100.0 100.0 100.0 100.0 100.0  99.9  99.7  99.5  99.3  99.1  98.8  98.8  99.0  99.2  99.5  99.7  99.9 100.0 100.0
2021 227   3 100.0 100.0 100.0 100.0 100.0 100.0 100.0  99.9  99.8  99.8  99.7  99.6  99.6  99.7  99.8  99.8  99.9 100.0 100.0 100.0
2021 227   4 100.0 100.0 100.0 100.0 100.0 100.0 100.0 100.0  99.9  99.9  99.9  99.8  99.8  99.8  99.9  99.9 100.0 100.0 100.0 100.0
2021 227   5 100.0 100.0 100.0 100.0 100.0 100.0  99.8  99.2  98.5  97.8  97.2  96.5  96.3  97.0  97.7  98.4  99.0  99.7 100.0 100.0
2021 227   6 100.0 100.0 100.0 100.0 100.0 100.0  99.7  98.9  98.0  97.1  96.3  95.4  95.1  96.0  96.9  97.8  98.7  99.6 100.0 100.0
2021 227   7 100.0 100.0 100.0 100.0 100.0 100.0  99.8  99.0  98.2  97.5  96.7  95.9  95.7  96.5  97.3  98.1  98.9  99.7 100.0 100.0
2021 227   8 100.0 100.0 100.0 100.0 100.0 100.0  99.8  99.3  98.8  98.3  97.8  97.3  97.1  97.6  98.2  98.7  99.2  99.8 100.0 100.0
2021 227   9 100.0 100.0 100.0 100.0 100.0 100.0  99.9  99.5  99.0  98.6  98.2  97.8  97.6  98.1  98.5  99.0  99.4  99.8 100.0 100.0
2021 227  10 100.0 100.0 100.0 100.0 100.0 100.0  99.9  99.4  99.0  98.6  98.1  97.7  97.5  98.0  98.4  98.8  99.2  99.6 100.0 100.0
2021 227  11 100.0 100.0 100.0 100.0 100.0 100.0  99.9  99.5  99.2  98.8  98.5  98.1  97.9  98.1  98.2  98.4  98.5  98.6  98.8  98.9
2021 227  12 100.0 100.0 100.0 100.0 100.0 100.0  99.9  99.7  99.4  99.1  98.8  98.6  98.4  98.3  98.3  98.2  98.2  98.1  98.1  98.0
2021 227  13 100.0 100.0 100.0 100.0 100.0 100.0  99.9  99.5  99.1  98.7  98.3  97.9  97.6  97.6  97.5  97.5  97.4  97.4  97.4  97.3
2021 227  14 100.0 100.0 100.0 100.0 100.0 100.0  99.8  99.1  98.5  97.8  97.1  96.5  96.0  96.2  96.3  96.5  96.6  96.7  96.9  97.0
2021 227  15 100.0 100.0 100.0 100.0 100.0 100.0  99.8  99.1  98.3  97.6  96.9  96.2  95.7  95.9  96.0  96.1  96.2  96.4  96.5  96.6
2021 227  16 100.0 100.0 100.0 100.0 100.0 100.0  99.8  99.1  98.4  97.7  97.0  96.3  95.8  95.9  96.0  96.1  96.3  96.4  96.5  96.6
2021 227  17 100.0 100.0 100.0 100.0 100.0 100.0  99.8  98.9  98.1  97.3  96.5  95.7  95.2  95.6  96.0  96.3  96.7  97.1  97.4  97.8
2021 227  18 100.0 100.0 100.0 100.0 100.0 100.0  99.8  99.1  98.4  97.7  97.0  96.3  95.9  96.3  96.7  97.0  97.4  97.8  98.1  98.5
2021 227  19 100.0 100.0 100.0 100.0 100.0 100.0  99.8  99.2  98.5  97.9  97.3  96.6  96.3  96.7  97.1  97.4  97.8  98.2  98.5  98.9
2021 227  20 100.0 100.0 100.0 100.0 100.0 100.0  99.8  99.2  98.5  97.9  97.3  96.6  96.3  96.8  97.3  97.7  98.2  98.6  99.1  99.5
2021 227  21 100.0 100.0 100.0 100.0 100.0 100.0  99.8  99.3  98.7  98.1  97.6  97.0  96.8  97.3  97.9  98.5  99.0  99.6 100.0 100.0
2021 227  22 100.0 100.0 100.0 100.0 100.0 100.0  99.8  99.2  98.5  97.8  97.2  96.5  96.3  97.0  97.7  98.4  99.0  99.7 100.0 100.0
2021 227  23 100.0 100.0 100.0 100.0 100.0 100.0  99.8  99.1  98.4  97.7  97.1  96.4  96.1  96.8  97.6  98.3  99.0  99.7 100.0 100.0
2021 228   0 100.0 100.0 100.0 100.0 100.0 100.0  99.8  99.0  98.3  97.6  96.8  96.1  95.8  96.6  97.3  98.0  98.8  99.5 100.0 100.0
2021 228   1 100.0 100.0 100.0 100.0 100.0 100.0  99.8  99.1  98.4  97.7  97.0  96.3  96.0  96.8  97.5  98.2  99.0  99.7 100.0 100.0
2021 228   2 100.0 100.0 100.0 100.0 100.0 100.0  99.8  99.0  98.2  97.4  96.5  95.7  95.5  96.3  97.1  98.0  98.8  99.7 100.0 100.0
2021 228   3 100.0 100.0 100.0 100.0 100.0 100.0  99.8  99.0  98.3  97.5  96.8  96.0  95.8  96.5  97.3  98.1  98.9  99.7 100.0 100.0
2021 228   4 100.0 100.0 100.0 100.0 100.0 100.0  99.9  99.4  98.9  98.5  98.0  97.5  97.4  97.8  98.3  98.8  99.3  99.8 100.0 100.0
2021 228   5 100.0 100.0 100.0 100.0 100.0 100.0  99.9  99.5  99.0  98.6  98.2  97.8  97.6  98.1  98.5  99.0  99.4  99.8 100.0 100.0
2021 228   6 100.0 100.0 100.0 100.0 100.0 100.0  99.8  99.4  99.0  98.6  98.2  97.8  97.6  98.0  98.4  98.7  99.1  99.5  99.8 100.0
2021 228   7 100.0 100.0 100.0 100.0 100.0 100.0  99.8  99.6  99.4  99.1  98.9  98.7  98.5  98.3  98.2  98.1  98.0  97.8  97.7  97.6
2021 228   8 100.0 100.0 100.0 100.0 100.0  99.9  99.9  99.8  99.8  99.7  99.7  99.6  99.6  99.5  99.5  99.4  99.4  99.3  99.3  99.2
2021 228   9  99.8  99.8  99.8  99.9  99.9  99.9  99.9  99.9  99.9 100.0 100.0 100.0 100.0 100.0 100.0 100.0 100.0 100.0 100.0 100.0
2021 228  10  99.8  99.8  99.8  99.9  99.9  99.9  99.9  99.9  99.9 100.0 100.0 100.0 100.0 100.0 100.0  99.9  99.9  99.9  99.9  99.9
2021 228  11  99.8  99.8  99.8  99.9  99.9  99.9  99.9  99.9  99.9 100.0 100.0 100.0  99.9  99.8  99.6  99.4  99.2  99.1  98.9  98.7
2021 228  12  99.8  99.8  99.8  99.9  99.9  99.9  99.9  99.9  99.9 100.0 100.0 100.0  99.9  99.7  99.4  99.2  98.9  98.7  98.5  98.2
2021 228  13  99.8  99.8  99.8  99.9  99.9  99.9  99.9  99.9  99.9 100.0 100.0 100.0  99.9  99.6  99.4  99.1  98.8  98.5  98.2  98.0
2021 228  14  99.8  99.8  99.8  99.9  99.9  99.9  99.9  99.9  99.9 100.0 100.0 100.0  99.9  99.6  99.3  99.0  98.7  98.4  98.1  97.8
2021 228  15 100.0 100.0 100.0 100.0 100.0 100.0 100.0 100.0  99.9  99.9  99.9  99.8  99.7  99.2  98.7  98.3  97.8  97.4  96.9  96.5
2021 228  16 100.0 100.0 100.0 100.0 100.0 100.0  99.8  99.7  99.5  99.3  99.1  98.9  98.7  98.4  98.0  97.7  97.4  97.0  96.7  96.4
2021 228  17 100.0 100.0 100.0 100.0 100.0 100.0  99.9  99.4  99.0  98.6  98.1  97.7  97.4  97.4  97.5  97.5  97.6  97.6  97.6  97.7
2021 228  18 100.0 100.0 100.0 100.0 100.0 100.0  99.9  99.4  99.0  98.5  98.1  97.6  97.3  97.4  97.5  97.6  97.7  97.8  97.9  97.9
2021 228  19 100.0 100.0 100.0 100.0 100.0 100.0  99.9  99.6  99.3  99.0  98.7  98.4  98.2  98.3  98.3  98.4  98.4  98.5  98.5  98.6
2021 228  20 100.0 100.0 100.0 100.0 100.0 100.0  99.8  99.3  98.8  98.3  97.8  97.3  97.0  97.2  97.5  97.7  98.0  98.2  98.4  98.7
2021 228  21 100.0 100.0 100.0 100.0 100.0 100.0  99.9  99.6  99.3  99.0  98.6  98.3  98.1  98.0  97.9  97.8  97.7  97.6  97.5  97.5
2021 228  22 100.0 100.0 100.0 100.0 100.0 100.0  99.8  99.3  98.8  98.3  97.8  97.3  96.9  97.1  97.2  97.4  97.5  97.6  97.8  97.9
2021 228  23 100.0 100.0 100.0 100.0 100.0 100.0  99.7  98.9  98.0  97.2  96.3  95.5  95.1  95.6  96.2  96.8  97.3  97.9  98.4  99.0
2021 229   0 100.0 100.0 100.0 100.0 100.0 100.0  99.6  98.4  97.2  95.9  94.7  93.4  92.9  93.8  94.8  95.7  96.6  97.5  98.5  99.4
2021 229   1 100.0 100.0 100.0 100.0 100.0 100.0  99.7  98.5  97.4  96.2  95.1  94.0  93.5  94.4  95.2  96.1  97.0  97.8  98.7  99.6
2021 229   2 100.0 100.0 100.0 100.0 100.0 100.0  99.6  98.5  97.3  96.1  94.9  93.7  93.2  94.0  94.8  95.7  96.5  97.4  98.2  99.0
2021 229   3 100.0 100.0 100.0 100.0 100.0 100.0  99.6  98.1  96.6  95.1  93.6  92.1  91.4  92.4  93.5  94.5  95.5  96.5  97.5  98.5
2021 229   4 100.0 100.0 100.0 100.0 100.0 100.0  99.5  97.6  95.8  94.0  92.2  90.3  89.5  90.9  92.3  93.7  95.1  96.5  97.9  99.3
2021 229   5 100.0 100.0 100.0 100.0 100.0 100.0  99.4  97.6  95.7  93.8  91.9  90.1  89.1  89.9  90.7  91.5  92.3  93.1  93.9  94.7
2021 229   6 100.0 100.0 100.0 100.0 100.0 100.0  99.4  97.2  95.1  93.0  90.9  88.7  87.4  87.9  88.3  88.8  89.2  89.6  90.1  90.5
2021 229   7 100.0 100.0 100.0 100.0 100.0 100.0  99.4  97.3  95.2  93.2  91.1  89.0  87.7  87.9  88.1  88.4  88.6  88.8  89.0  89.3
2021 229   8 100.0 100.0 100.0 100.0 100.0 100.0  99.3  97.0  94.8  92.5  90.2  87.9  86.4  86.4  86.4  86.4  86.4  86.4  86.4  86.4
2021 229   9 100.0 100.0 100.0 100.0 100.0 100.0  99.3  96.8  94.3  91.8  89.3  86.8  85.1  85.1  85.1  85.1  85.1  85.1  85.1  85.1
2021 229  10 100.0 100.0 100.0 100.0 100.0 100.0  99.4  97.5  95.5  93.6  91.7  89.7  88.2  87.5  86.9  86.3  85.6  85.0  84.3  83.7
2021 229  11 100.0 100.0 100.0 100.0 100.0 100.0  99.4  97.3  95.3  93.3  91.2  89.2  87.7  87.5  87.2  87.0  86.7  86.5  86.3  86.0
2021 229  12 100.0 100.0 100.0 100.0 100.0 100.0  99.6  98.2  96.9  95.5  94.2  92.8  91.7  90.9  90.2  89.5  88.7  88.0  87.3  86.5
2021 229  13 100.0 100.0 100.0 100.0 100.0 100.0  99.7  98.5  97.4  96.3  95.2  94.1  93.2  93.0  92.8  92.6  92.4  92.2  92.0  91.8
2021 229  14 100.0 100.0 100.0 100.0 100.0 100.0  99.8  99.0  98.2  97.4  96.5  95.7  94.9  94.2  93.4  92.6  91.8  91.0  90.2  89.4
2021 229  15  84.8  85.7  86.6  87.5  88.4  89.4  90.3  91.2  92.1  93.0  94.0  94.9  95.2  94.5  93.7  92.9  92.1  91.3  90.5  89.7
2021 229  16  66.0  68.4  70.9  73.4  75.8  78.3  80.7  83.2  85.7  88.1  90.6  93.0  94.5  93.9  93.4  92.8  92.2  91.6  91.1  90.5
2021 229  17  65.2  67.8  70.4  72.9  75.5  78.1  80.7  83.2  85.8  88.4  91.0  93.5  95.3  95.5  95.7  95.8  96.0  96.1  96.3  96.5
2021 229  18  63.0  65.8  68.7  71.5  74.4  77.2  80.1  82.9  85.7  88.6  91.4  94.3  96.3  96.6  96.9  97.2  97.5  97.8  98.1  98.4
2021 229  19  67.2  69.6  72.0  74.4  76.8  79.2  81.6  84.0  86.4  88.8  91.3  93.7  95.4  95.8  96.2  96.5  96.9  97.3  97.6  98.0
2021 229  20  72.5  74.5  76.6  78.6  80.6  82.7  84.7  86.8  88.8  90.8  92.9  94.9  96.4  96.5  96.7  96.9  97.1  97.2  97.4  97.6
2021 229  21  68.7  71.1  73.6  76.0  78.4  80.9  83.3  85.8  88.2  90.7  93.1  95.5  97.2  97.4  97.5  97.7  97.8  97.9  98.1  98.2
2021 229  22  69.3  71.7  74.1  76.6  79.0  81.4  83.8  86.3  88.7  91.1  93.5  96.0  97.7  98.1  98.5  98.9  99.3  99.6 100.0 100.0
2021 229  23  68.3  70.8  73.3  75.8  78.3  80.8  83.4  85.9  88.4  90.9  93.4  95.9  97.7  98.2  98.6  99.0  99.4  99.8 100.0 100.0
2021 230   0  69.9  72.2  74.6  76.9  79.3  81.6  84.0  86.4  88.7  91.1  93.4  95.8  97.5  98.0  98.5  98.9  99.4  99.8 100.0 100.0
2021 230   1  76.3  78.0  79.7  81.3  83.0  84.7  86.4  88.1  89.8  91.5  93.2  94.9  96.2  96.9  97.6  98.3  99.0  99.7 100.0 100.0
2021 230   2  76.9  78.6  80.3  82.0  83.7  85.4  87.1  88.8  90.5  92.2  93.9  95.6  97.0  97.5  98.1  98.7  99.2  99.8 100.0 100.0
2021 230   3  75.9  77.9  79.8  81.8  83.7  85.6  87.6  89.5  91.5  93.4  95.3  97.3  98.6  98.6  98.6  98.6  98.6  98.6  98.6  98.6
2021 230   4  79.3  81.1  82.8  84.6  86.4  88.2  89.9  91.7  93.5  95.2  97.0  98.8 100.0 100.0 100.0 100.0 100.0 100.0 100.0 100.0
2021 230   5  77.0  78.9  80.9  82.9  84.8  86.8  88.8  90.8  92.7  94.7  96.7  98.7 100.0 100.0 100.0  99.9  99.9  99.9  99.9  99.9
2021 230   6  77.1  79.1  81.1  83.0  85.0  86.9  88.9  90.8  92.8  94.8  96.7  98.7 100.0 100.0 100.0  99.9  99.9  99.9  99.9  99.9
2021 230   7  74.9  76.8  78.8  80.8  82.8  84.8  86.8  88.8  90.8  92.8  94.8  96.7  98.2  98.5  98.9  99.2  99.5  99.9 100.0 100.0
2021 230   8  73.4  75.3  77.3  79.3  81.2  83.2  85.2  87.2  89.1  91.1  93.1  95.1  96.6  97.1  97.6  98.1  98.6  99.1  99.6 100.0
2021 230   9  70.2  72.4  74.7  76.9  79.1  81.3  83.6  85.8  88.0  90.2  92.5  94.7  96.2  96.3  96.4  96.5  96.7  96.8  96.9  97.0
2021 230  10  67.8  70.1  72.4  74.7  76.9  79.2  81.5  83.8  86.0  88.3  90.6  92.9  94.5  94.8  95.0  95.3  95.6  95.9  96.2  96.4
2021 230  11  71.3  73.0  74.7  76.4  78.2  79.9  81.6  83.3  85.1  86.8  88.5  90.2  91.6  92.1  92.6  93.1  93.6  94.1  94.6  95.1
2021 230  12  71.3  72.9  74.5  76.2  77.8  79.5  81.1  82.7  84.4  86.0  87.6  89.3  90.5  90.8  91.0  91.3  91.6  91.9  92.2  92.4
2021 230  13  68.6  70.4  72.2  74.0  75.8  77.6  79.4  81.2  83.1  84.9  86.7  88.5  89.8  90.1  90.4  90.7  91.0  91.3  91.6  91.9
2021 230  14  69.1  70.7  72.3  74.0  75.6  77.3  78.9  80.5  82.2  83.8  85.4  87.1  88.3  88.7  89.1  89.5  89.9  90.3  90.7  91.1
2021 230  15  66.5  68.2  70.0  71.7  73.4  75.2  76.9  78.7  80.4  82.1  83.9  85.6  86.9  87.3  87.7  88.1  88.5  88.9  89.3  89.7
2021 230  16  62.1  64.4  66.7  69.0  71.2  73.5  75.8  78.1  80.3  82.6  84.9  87.2  88.8  89.0  89.3  89.6  89.8  90.1  90.4  90.6
2021 230  17  58.5  61.7  64.9  68.1  71.3  74.6  77.8  81.0  84.2  87.4  90.6  93.8  95.8  95.3  94.7  94.1  93.6  93.0  92.5  91.9
2021 230  18  63.3  66.0  68.8  71.5  74.2  77.0  79.7  82.5  85.2  87.9  90.7  93.4  95.1  94.5  93.9  93.3  92.7  92.1  91.5  90.9
2021 230  19  69.3  71.5  73.8  76.0  78.2  80.4  82.7  84.9  87.1  89.3  91.6  93.8  95.2  95.0  94.7  94.4  94.2  93.9  93.6  93.4
2021 230  20  73.9  75.7  77.4  79.2  81.0  82.8  84.5  86.3  88.1  89.8  91.6  93.4  94.6  94.6  94.7  94.7  94.8  94.8  94.8  94.9
2021 230  21  72.7  74.6  76.4  78.3  80.1  82.0  83.9  85.7  87.6  89.4  91.3  93.1  94.6  95.2  95.8  96.4  97.0  97.6  98.2  98.8
2021 230  22  70.1  72.2  74.3  76.4  78.4  80.5  82.6  84.7  86.8  88.9  91.0  93.1  94.4  94.0  93.7  93.3  93.0  92.6  92.3  91.9
2021 230  23  71.6  73.2  74.8  76.4  77.9  79.5  81.1  82.6  84.2  85.8  87.4  88.9  90.0  89.8  89.7  89.5  89.4  89.3  89.1  89.0
2021 231   0  64.5  66.9  69.4  71.8  74.2  76.7  79.1  81.6  84.0  86.5  88.9  91.3  92.8  92.2  91.7  91.1  90.5  89.9  89.4  88.8
2021 231   1  60.4  63.4  66.3  69.3  72.3  75.2  78.2  81.1  84.1  87.1  90.0  93.0  94.7  93.8  92.8  91.9  91.0  90.1  89.1  88.2
2021 231   2  60.1  62.8  65.6  68.3  71.0  73.8  76.5  79.3  82.0  84.8  87.5  90.2  91.9  91.3  90.7  90.1  89.5  88.8  88.2  87.6
2021 231   3  59.5  62.2  64.9  67.6  70.3  72.9  75.6  78.3  81.0  83.6  86.3  89.0  90.8  90.6  90.5  90.3  90.2  90.1  89.9  89.8
2021 231   4  61.5  64.0  66.4  68.9  71.4  73.9  76.3  78.8  81.3  83.8  86.2  88.7  90.5  90.9  91.2  91.6  91.9  92.3  92.6  93.0
2021 231   5  59.8  62.5  65.2  67.9  70.7  73.4  76.1  78.8  81.6  84.3  87.0  89.7  91.5  91.0  90.5  90.1  89.6  89.2  88.7  88.3
2021 231   6  59.6  62.2  64.8  67.4  70.0  72.6  75.2  77.8  80.4  83.0  85.5  88.1  89.7  88.9  88.2  87.5  86.7  86.0  85.3  84.5
2021 231   7  60.4  62.8  65.2  67.5  69.9  72.3  74.7  77.1  79.5  81.9  84.3  86.7  88.2  87.8  87.5  87.1  86.8  86.4  86.1  85.7
2021 231   8  52.1  55.2  58.2  61.2  64.3  67.3  70.3  73.3  76.4  79.4  82.4  85.4  87.6  87.9  88.3  88.6  88.9  89.3  89.6  89.9
2021 231   9  52.2  55.3  58.3  61.3  64.3  67.3  70.3  73.3  76.3  79.3  82.3  85.4  87.3  87.1  86.8  86.6  86.3  86.1  85.9  85.6
2021 231  10  50.1  53.4  56.7  60.0  63.3  66.6  69.9  73.2  76.5  79.8  83.1  86.4  88.4  87.9  87.3  86.8  86.3  85.7  85.2  84.6
2021 231  11  52.4  55.6  58.8  62.0  65.2  68.4  71.6  74.8  77.9  81.1  84.3  87.5  89.5  89.0  88.4  87.8  87.3  86.7  86.2  85.6
2021 231  12  58.3  60.9  63.4  65.9  68.5  71.0  73.6  76.1  78.6  81.2  83.7  86.3  88.4  89.5  90.6  91.7  92.8  94.0  95.1  96.2
2021 231  13  53.4  56.4  59.5  62.5  65.6  68.7  71.7  74.8  77.8  80.9  84.0  87.0  89.2  89.3  89.5  89.7  89.9  90.0  90.2  90.4
2021 231  14  48.8  52.3  55.7  59.2  62.7  66.2  69.6  73.1  76.6  80.1  83.6  87.0  89.2  88.7  88.1  87.6  87.1  86.5  86.0  85.4
2021 231  15  45.2  49.1  52.9  56.8  60.7  64.6  68.5  72.3  76.2  80.1  84.0  87.9  90.1  89.0  87.9  86.8  85.6  84.5  83.4  82.3
2021 231  16  47.7  51.4  55.1  58.8  62.4  66.1  69.8  73.5  77.2  80.8  84.5  88.2  90.2  88.7  87.1  85.6  84.0  82.5  80.9  79.4
2021 231  17  54.2  57.3  60.4  63.4  66.5  69.6  72.7  75.8  78.9  82.0  85.1  88.2  89.7  87.8  86.0  84.1  82.2  80.3  78.5  76.6
2021 231  18  46.8  50.8  54.8  58.8  62.7  66.7  70.7  74.7  78.7  82.6  86.6  90.6  92.5  90.0  87.5  85.1  82.6  80.1  77.6  75.1
2021 231  19  53.2  56.6  60.0  63.4  66.8  70.1  73.5  76.9  80.3  83.6  87.0  90.4  92.1  90.4  88.6  86.8  85.1  83.3  81.5  79.8
2021 231  20  55.6  58.9  62.1  65.3  68.6  71.8  75.1  78.3  81.6  84.8  88.1  91.3  93.1  91.8  90.5  89.3  88.0  86.7  85.4  84.2
2021 231  21  63.3  65.9  68.5  71.1  73.7  76.3  78.9  81.5  84.1  86.7  89.2  91.8  93.1  91.5  89.8  88.2  86.6  84.9  83.3  81.7
2021 231  22  65.0  67.4  69.8  72.3  74.7  77.1  79.5  82.0  84.4  86.8  89.2  91.7  92.8  91.4  90.0  88.6  87.2  85.8  84.3  82.9
2021 231  23  63.3  66.0  68.6  71.3  73.9  76.6  79.2  81.8  84.5  87.1  89.8  92.4  93.7  92.1  90.5  88.9  87.3  85.7  84.1  82.6
2021 232   0  66.9  69.2  71.6  73.9  76.3  78.6  81.0  83.4  85.7  88.1  90.4  92.8  93.9  92.5  91.0  89.6  88.1  86.7  85.2  83.8
2021 232   1  67.3  69.5  71.7  73.9  76.1  78.3  80.5  82.6  84.8  87.0  89.2  91.4  92.6  91.5  90.4  89.3  88.2  87.1  86.1  85.0
2021 232   2  61.3  64.0  66.7  69.4  72.1  74.8  77.5  80.2  82.9  85.6  88.3  91.1  92.5  91.2  89.9  88.5  87.2  85.9  84.6  83.3
2021 232   3  62.7  65.4  68.1  70.7  73.4  76.0  78.7  81.4  84.0  86.7  89.3  92.0  93.3  91.9  90.4  89.0  87.5  86.1  84.6  83.2
2021 232   4  60.1  62.8  65.4  68.0  70.6  73.3  75.9  78.5  81.1  83.8  86.4  89.0  90.6  89.9  89.1  88.4  87.7  87.0  86.3  85.6
2021 232   5  73.0  74.4  75.8  77.2  78.6  80.0  81.4  82.8  84.2  85.6  87.0  88.4  89.2  88.6  87.9  87.3  86.7  86.1  85.4  84.8
2021 232   6  74.7  75.9  77.1  78.2  79.4  80.6  81.8  82.9  84.1  85.3  86.4  87.6  88.2  87.7  87.1  86.5  86.0  85.4  84.9  84.3
2021 232   7  74.4  75.4  76.4  77.4  78.4  79.4  80.4  81.4  82.4  83.4  84.4  85.4  86.1  85.9  85.7  85.6  85.4  85.3  85.1  84.9
2021 232   8  75.5  76.3  77.2  78.0  78.8  79.6  80.4  81.3  82.1  82.9  83.7  84.5  85.0  84.7  84.4  84.1  83.7  83.4  83.1  82.8
2021 232   9  76.4  77.1  77.7  78.4  79.1  79.7  80.4  81.1  81.7  82.4  83.1  83.7  84.0  83.4  82.7  82.1  81.5  80.9  80.2  79.6
2021 232  10  67.8  69.2  70.6  72.1  73.5  74.9  76.3  77.7  79.2  80.6  82.0  83.4  84.0  82.8  81.6  80.3  79.1  77.9  76.7  75.4
2021 232  11  64.7  66.3  67.9  69.5  71.1  72.8  74.4  76.0  77.6  79.3  80.9  82.5  83.1  81.3  79.6  77.9  76.2  74.5  72.8  71.1
2021 232  12  57.6  59.9  62.3  64.7  67.1  69.4  71.8  74.2  76.6  78.9  81.3  83.7  84.6  82.4  80.3  78.1  75.9  73.8  71.6  69.4
2021 232  13  52.1  55.1  58.0  61.0  63.9  66.8  69.8  72.7  75.7  78.6  81.6  84.5  85.7  83.1  80.5  77.9  75.2  72.6  70.0  67.4
2021 232  14  54.1  56.8  59.5  62.2  65.0  67.7  70.4  73.1  75.9  78.6  81.3  84.0  85.1  82.8  80.4  78.1  75.7  73.3  71.0  68.6
2021 232  15  53.5  56.3  59.1  61.9  64.7  67.4  70.2  73.0  75.8  78.6  81.4  84.2  85.3  82.8  80.4  77.9  75.5  73.0  70.5  68.1
2021 232  16  48.1  51.5  54.8  58.2  61.5  64.9  68.2  71.5  74.9  78.2  81.6  84.9  86.4  83.7  81.1  78.5  75.9  73.2  70.6  68.0
2021 232  17  45.2  48.7  52.2  55.8  59.3  62.8  66.4  69.9  73.4  76.9  80.5  84.0  85.7  83.4  81.2  78.9  76.7  74.4  72.1  69.9
2021 232  18  48.3  51.6  54.9  58.2  61.4  64.7  68.0  71.3  74.5  77.8  81.1  84.4  86.0  84.1  82.2  80.3  78.4  76.6  74.7  72.8
2021 232  19  55.1  57.8  60.5  63.2  65.9  68.5  71.2  73.9  76.6  79.2  81.9  84.6  85.9  84.5  83.0  81.5  80.1  78.6  77.1  75.7
2021 232  20  47.3  50.6  53.9  57.2  60.5  63.8  67.1  70.4  73.7  77.0  80.3  83.6  85.4  84.3  83.2  82.1  81.0  79.8  78.7  77.6
2021 232  21  48.0  51.3  54.5  57.8  61.1  64.3  67.6  70.8  74.1  77.4  80.6  83.9  85.9  85.1  84.3  83.5  82.8  82.0  81.2  80.5
2021 232  22  52.7  55.5  58.2  61.0  63.8  66.6  69.3  72.1  74.9  77.7  80.4  83.2  85.1  85.1  85.0  85.0  84.9  84.9  84.9  84.8
2021 232  23  52.6  55.4  58.2  61.1  63.9  66.7  69.5  72.4  75.2  78.0  80.9  83.7  85.7  85.9  86.1  86.4  86.6  86.8  87.0  87.3
2021 233   0  50.4  53.3  56.2  59.1  62.0  64.9  67.8  70.7  73.6  76.4  79.3  82.2  84.4  84.8  85.3  85.8  86.3  86.8  87.3  87.8
2021 233   1  54.2  56.7  59.2  61.7  64.2  66.7  69.3  71.8  74.3  76.8  79.3  81.8  83.7  84.2  84.7  85.2  85.7  86.2  86.7  87.2
2021 233   2  53.9  56.4  59.0  61.5  64.0  66.5  69.1  71.6  74.1  76.6  79.2  81.7  83.6  84.2  84.7  85.3  85.9  86.5  87.0  87.6
2021 233   3  57.5  59.7  61.9  64.0  66.2  68.4  70.6  72.7  74.9  77.1  79.2  81.4  83.1  83.6  84.2  84.7  85.2  85.8  86.3  86.9
2021 233   4  58.9  61.1  63.2  65.4  67.5  69.7  71.8  74.0  76.2  78.3  80.5  82.6  84.2  84.4  84.7  84.9  85.2  85.4  85.6  85.9
2021 233   5  54.7  57.0  59.3  61.7  64.0  66.4  68.7  71.0  73.4  75.7  78.1  80.4  82.3  83.1  83.9  84.7  85.6  86.4  87.2  88.0
2021 233   6  54.9  57.2  59.4  61.7  63.9  66.1  68.4  70.6  72.9  75.1  77.3  79.6  81.3  82.0  82.8  83.5  84.2  84.9  85.6  86.3
2021 233   7  51.0  53.5  56.0  58.5  61.0  63.5  66.1  68.6  71.1  73.6  76.1  78.6  80.5  81.0  81.5  82.0  82.5  83.0  83.5  84.0
2021 233   8  47.9  50.6  53.4  56.2  58.9  61.7  64.4  67.2  69.9  72.7  75.5  78.2  80.2  80.7  81.2  81.6  82.1  82.5  83.0  83.4
2021 233   9  49.8  52.5  55.2  57.9  60.7  63.4  66.1  68.8  71.6  74.3  77.0  79.7  81.7  81.9  82.0  82.2  82.4  82.6  82.8  83.0
2021 233  10  45.6  48.6  51.7  54.7  57.8  60.9  63.9  67.0  70.0  73.1  76.2  79.2  81.2  80.7  80.3  79.9  79.5  79.1  78.6  78.2
2021 233  11  34.7  38.8  42.8  46.9  50.9  55.0  59.0  63.1  67.1  71.2  75.2  79.2  81.6  80.4  79.2  77.9  76.7  75.5  74.3  73.0
2021 233  12  27.8  32.5  37.1  41.7  46.4  51.0  55.7  60.3  65.0  69.6  74.3  78.9  81.6  80.0  78.5  76.9  75.4  73.8  72.3  70.7
2021 233  13  28.5  33.1  37.8  42.4  47.0  51.7  56.3  60.9  65.6  70.2  74.8  79.4  82.2  81.0  79.8  78.6  77.4  76.2  75.0  73.8
2021 233  14  28.0  32.7  37.3  41.9  46.6  51.2  55.9  60.5  65.2  69.8  74.5  79.1  81.9  80.8  79.6  78.4  77.2  76.1  74.9  73.7
2021 233  15  24.8  29.9  35.0  40.1  45.2  50.2  55.3  60.4  65.5  70.6  75.7  80.7  83.8  82.5  81.2  80.0  78.7  77.4  76.1  74.9
2021 233  16  37.3  41.3  45.2  49.2  53.2  57.1  61.1  65.1  69.0  73.0  76.9  80.9  83.3  82.2  81.1  80.1  79.0  77.9  76.9  75.8
2021 233  17  30.3  35.1  39.8  44.5  49.3  54.0  58.7  63.5  68.2  72.9  77.6  82.4  85.2  83.8  82.4  81.1  79.7  78.3  77.0  75.6
2021 233  18  28.9  33.9  38.9  43.8  48.8  53.8  58.8  63.8  68.8  73.7  78.7  83.7  86.6  85.1  83.7  82.2  80.7  79.2  77.7  76.2
2021 233  19  34.8  39.4  44.1  48.7  53.3  58.0  62.6  67.2  71.9  76.5  81.1  85.8  88.4  86.8  85.2  83.6  82.0  80.3  78.7  77.1
2021 233  20  35.1  39.8  44.4  49.0  53.7  58.3  63.0  67.6  72.3  76.9  81.6  86.2  89.0  87.7  86.5  85.2  84.0  82.7  81.4  80.2
2021 233  21  39.1  43.3  47.5  51.7  55.9  60.1  64.3  68.5  72.7  76.9  81.0  85.2  87.9  87.3  86.7  86.1  85.5  84.8  84.2  83.6
2021 233  22  44.2  47.8  51.4  55.0  58.7  62.3  65.9  69.5  73.1  76.7  80.3  83.9  86.4  86.3  86.2  86.2  86.1  86.0  86.0  85.9
2021 233  23  41.2  45.1  49.0  52.9  56.8  60.8  64.7  68.6  72.5  76.4  80.3  84.2  87.0  87.2  87.5  87.8  88.0  88.3  88.6  88.8
2021 234   0  43.3  47.0  50.8  54.5  58.3  62.1  65.8  69.6  73.4  77.1  80.9  84.6  87.2  87.4  87.5  87.7  87.8  87.9  88.1  88.2
2021 234   1  42.5  46.3  50.1  53.9  57.6  61.4  65.2  69.0  72.8  76.6  80.4  84.2  86.9  87.3  87.7  88.1  88.5  88.9  89.3  89.7
2021 234   2  52.3  55.3  58.2  61.2  64.2  67.1  70.1  73.0  76.0  79.0  81.9  84.9  87.0  87.5  88.0  88.4  88.9  89.3  89.8  90.2
2021 234   3  48.5  51.9  55.3  58.6  62.0  65.3  68.7  72.1  75.4  78.8  82.2  85.5  87.8  87.9  88.0  88.1  88.3  88.4  88.5  88.6
2021 234   4  47.3  50.8  54.3  57.8  61.3  64.8  68.2  71.7  75.2  78.7  82.2  85.7  88.1  88.1  88.1  88.1  88.1  88.1  88.1  88.1
2021 234   5  47.2  50.6  54.1  57.6  61.0  64.5  67.9  71.4  74.9  78.3  81.8  85.2  87.7  88.0  88.3  88.6  88.9  89.2  89.5  89.8
2021 234   6  50.8  53.7  56.7  59.6  62.5  65.5  68.4  71.3  74.2  77.2  80.1  83.0  85.3  86.2  87.2  88.1  89.0  89.9  90.9  91.8
2021 234   7  53.2  55.9  58.5  61.1  63.7  66.4  69.0  71.6  74.2  76.9  79.5  82.1  84.2  85.3  86.3  87.3  88.4  89.4  90.4  91.4
2021 234   8  56.8  59.0  61.1  63.3  65.4  67.6  69.7  71.9  74.1  76.2  78.4  80.5  82.3  83.4  84.4  85.4  86.5  87.5  88.5  89.6
2021 234   9  51.4  54.0  56.6  59.2  61.8  64.4  67.0  69.6  72.2  74.8  77.3  79.9  82.0  82.8  83.6  84.5  85.3  86.2  87.0  87.8
2021 234  10  51.7  54.3  56.9  59.4  62.0  64.6  67.2  69.7  72.3  74.9  77.5  80.0  82.1  83.0  83.8  84.7  85.6  86.4  87.3  88.2
2021 234  11  50.6  53.3  56.1  58.8  61.5  64.3  67.0  69.8  72.5  75.3  78.0  80.7  82.7  82.9  83.1  83.3  83.5  83.7  83.9  84.1
2021 234  12  47.0  50.1  53.3  56.4  59.6  62.7  65.8  69.0  72.1  75.3  78.4  81.6  83.5  82.8  82.2  81.5  80.8  80.2  79.5  78.8
2021 234  13  44.9  48.3  51.8  55.3  58.7  62.2  65.6  69.1  72.6  76.0  79.5  82.9  84.9  83.6  82.4  81.1  79.9  78.6  77.3  76.1
2021 234  14  41.6  45.4  49.2  53.0  56.7  60.5  64.3  68.1  71.9  75.7  79.5  83.3  85.4  83.8  82.2  80.6  79.0  77.3  75.7  74.1
2021 234  15  34.4  38.8  43.3  47.8  52.3  56.8  61.2  65.7  70.2  74.7  79.2  83.7  86.1  84.3  82.4  80.6  78.8  76.9  75.1  73.3
2021 234  16  33.3  38.0  42.6  47.2  51.9  56.5  61.2  65.8  70.5  75.1  79.8  84.4  87.0  85.1  83.3  81.4  79.5  77.6  75.8  73.9
2021 234  17  35.0  39.5  44.0  48.6  53.1  57.6  62.2  66.7  71.2  75.8  80.3  84.8  87.3  85.5  83.7  81.9  80.0  78.2  76.4  74.6
2021 234  18  33.8  38.5  43.2  47.9  52.6  57.3  62.0  66.7  71.4  76.1  80.8  85.5  88.2  86.7  85.2  83.7  82.1  80.6  79.1  77.6
2021 234  19  34.4  39.1  43.8  48.5  53.2  57.9  62.6  67.3  72.0  76.7  81.4  86.1  88.9  87.8  86.7  85.6  84.5  83.3  82.2  81.1
2021 234  20  31.2  36.3  41.4  46.4  51.5  56.6  61.6  66.7  71.8  76.8  81.9  87.0  90.1  89.1  88.1  87.1  86.1  85.1  84.1  83.1
2021 234  21  34.4  39.2  43.9  48.7  53.4  58.2  62.9  67.7  72.4  77.2  81.9  86.7  89.8  89.4  89.0  88.6  88.2  87.9  87.5  87.1
2021 234  22  39.1  43.4  47.7  51.9  56.2  60.5  64.8  69.1  73.3  77.6  81.9  86.2  89.2  89.4  89.6  89.9  90.1  90.3  90.5  90.8
2021 234  23  38.7  43.2  47.6  52.0  56.4  60.8  65.2  69.6  74.1  78.5  82.9  87.3  90.4  90.7  90.9  91.2  91.5  91.8  92.1  92.3
2021 235   0  42.9  46.9  50.9  54.9  58.9  62.9  66.9  70.9  74.9  78.9  82.9  86.9  89.7  90.2  90.6  91.1  91.5  91.9  92.4  92.8
2021 235   1  46.2  49.8  53.4  57.0  60.7  64.3  67.9  71.5  75.1  78.7  82.3  85.9  88.6  89.3  90.0  90.7  91.3  92.0  92.7  93.4
2021 235   2  45.4  49.2  53.0  56.8  60.6  64.4  68.2  72.1  75.9  79.7  83.5  87.3  90.0  90.3  90.6  90.9  91.2  91.5  91.8  92.1
2021 235   3  49.4  52.7  56.0  59.3  62.6  65.9  69.2  72.5  75.8  79.1  82.4  85.7  88.1  88.8  89.4  90.0  90.7  91.3  92.0  92.6
2021 235   4  48.8  51.9  55.1  58.3  61.4  64.6  67.7  70.9  74.1  77.2  80.4  83.6  86.0  86.9  87.9  88.8  89.8  90.7  91.7  92.6
2021 235   5  49.2  52.3  55.4  58.4  61.5  64.6  67.7  70.8  73.9  77.0  80.1  83.2  85.6  86.5  87.4  88.3  89.2  90.0  90.9  91.8
2021 235   6  50.8  53.6  56.4  59.2  62.0  64.8  67.6  70.5  73.3  76.1  78.9  81.7  84.0  85.2  86.4  87.7  88.9  90.1  91.3  92.6
2021 235   7  55.6  57.9  60.2  62.6  64.9  67.3  69.6  71.9  74.3  76.6  79.0  81.3  83.2  84.3  85.4  86.4  87.5  88.6  89.6  90.7
2021 235   8  54.7  57.1  59.6  62.1  64.5  67.0  69.4  71.9  74.4  76.8  79.3  81.7  83.6  84.2  84.7  85.3  85.9  86.5  87.0  87.6
2021 235   9  51.6  54.2  56.8  59.5  62.1  64.7  67.3  69.9  72.5  75.1  77.7  80.3  82.2  82.5  82.7  83.0  83.3  83.6  83.9  84.1
2021 235  10  43.2  46.5  49.7  53.0  56.3  59.5  62.8  66.0  69.3  72.6  75.8  79.1  81.3  81.2  81.1  81.0  80.9  80.8  80.7  80.7
2021 235  11  47.2  50.2  53.2  56.2  59.2  62.2  65.2  68.2  71.2  74.2  77.2  80.2  81.9  81.1  80.3  79.5  78.7  77.9  77.1  76.3
2021 235  12  46.8  50.0  53.2  56.4  59.6  62.8  66.0  69.2  72.3  75.5  78.7  81.9  83.6  81.9  80.2  78.6  76.9  75.3  73.6  71.9
2021 235  13  52.2  55.0  57.8  60.7  63.5  66.3  69.1  72.0  74.8  77.6  80.5  83.3  84.6  82.6  80.6  78.6  76.6  74.6  72.6  70.6
2021 235  14  48.4  51.5  54.7  57.9  61.0  64.2  67.3  70.5  73.7  76.8  80.0  83.2  84.7  82.6  80.6  78.6  76.6  74.6  72.6  70.6
2021 235  15  41.5  45.3  49.1  52.9  56.6  60.4  64.2  68.0  71.8  75.6  79.4  83.2  85.2  83.4  81.5  79.6  77.8  75.9  74.1  72.2
2021 235  16  35.9  40.2  44.5  48.8  53.1  57.4  61.7  66.0  70.3  74.6  78.9  83.2  85.6  84.0  82.4  80.8  79.2  77.5  75.9  74.3
2021 235  17  34.1  38.6  43.0  47.5  51.9  56.4  60.8  65.3  69.7  74.2  78.6  83.1  85.6  84.1  82.6  81.1  79.5  78.0  76.5  75.0
2021 235  18  37.7  41.8  45.9  50.0  54.1  58.1  62.2  66.3  70.4  74.5  78.5  82.6  85.0  83.9  82.8  81.7  80.6  79.5  78.4  77.3
2021 235  19  41.1  44.9  48.7  52.5  56.3  60.1  63.9  67.8  71.6  75.4  79.2  83.0  85.2  84.1  83.0  81.9  80.8  79.7  78.6  77.5
2021 235  20  41.9  45.6  49.3  52.9  56.6  60.2  63.9  67.6  71.2  74.9  78.5  82.2  84.5  83.8  83.1  82.4  81.8  81.1  80.4  79.7
2021 235  21  49.3  52.3  55.3  58.3  61.3  64.3  67.3  70.3  73.3  76.3  79.3  82.3  84.2  83.8  83.4  83.0  82.6  82.3  81.9  81.5
2021 235  22  58.7  60.9  63.1  65.3  67.5  69.8  72.0  74.2  76.4  78.6  80.8  83.0  84.5  84.4  84.3  84.3  84.2  84.1  84.1  84.0
2021 235  23  57.9  60.2  62.4  64.7  67.0  69.2  71.5  73.7  76.0  78.3  80.5  82.8  84.3  84.3  84.3  84.2  84.2  84.2  84.2  84.2
2021 236   0  59.4  61.4  63.3  65.3  67.2  69.1  71.1  73.0  75.0  76.9  78.8  80.8  82.2  82.6  82.9  83.3  83.6  84.0  84.3  84.7
2021 236   1  55.6  57.7  59.9  62.0  64.2  66.3  68.4  70.6  72.7  74.9  77.0  79.1  80.8  81.3  81.8  82.3  82.9  83.4  83.9  84.4
2021 236   2  56.9  58.9  60.8  62.8  64.7  66.6  68.6  70.5  72.5  74.4  76.3  78.3  79.7  80.0  80.3  80.6  80.9  81.2  81.5  81.8
2021 236   3  57.5  59.4  61.2  63.1  64.9  66.8  68.7  70.5  72.4  74.2  76.1  77.9  79.3  79.5  79.7  79.9  80.1  80.3  80.5  80.7
2021 236   4  45.2  48.2  51.2  54.2  57.1  60.1  63.1  66.1  69.0  72.0  75.0  78.0  79.9  79.5  79.1  78.7  78.3  78.0  77.6  77.2
2021 236   5  44.1  47.1  50.1  53.1  56.1  59.1  62.1  65.1  68.1  71.1  74.1  77.1  79.1  79.1  79.1  79.2  79.2  79.2  79.2  79.2
2021 236   6  39.4  42.8  46.2  49.6  53.0  56.3  59.7  63.1  66.5  69.8  73.2  76.6  79.0  79.3  79.6  79.9  80.2  80.5  80.8  81.1
2021 236   7  30.7  34.8  39.0  43.2  47.3  51.5  55.6  59.8  64.0  68.1  72.3  76.5  79.4  79.6  79.9  80.1  80.4  80.6  80.8  81.1
2021 236   8  28.5  33.0  37.4  41.8  46.2  50.6  55.0  59.4  63.9  68.3  72.7  77.1  80.0  79.8  79.6  79.4  79.2  79.0  78.8  78.6
2021 236   9  27.5  32.0  36.5  41.0  45.5  50.0  54.4  58.9  63.4  67.9  72.4  76.9  79.9  79.7  79.4  79.2  78.9  78.7  78.5  78.2
2021 236  10  35.2  39.0  42.9  46.8  50.6  54.5  58.4  62.2  66.1  69.9  73.8  77.7  80.3  80.1  79.9  79.8  79.6  79.5  79.3  79.1
2021 236  11  37.5  40.9  44.3  47.7  51.1  54.5  57.9  61.3  64.7  68.2  71.6  75.0  77.5  78.2  78.8  79.4  80.1  80.7  81.4  82.0
2021 236  12  39.5  42.4  45.4  48.3  51.2  54.2  57.1  60.0  62.9  65.9  68.8  71.7  73.9  74.5  75.1  75.7  76.3  76.9  77.5  78.1
2021 236  13  38.1  41.3  44.4  47.6  50.8  54.0  57.2  60.3  63.5  66.7  69.9  73.0  75.0  74.2  73.4  72.6  71.9  71.1  70.3  69.6
2021 236  14  32.7  36.3  39.9  43.5  47.2  50.8  54.4  58.0  61.6  65.2  68.8  72.4  74.6  73.8  72.9  72.1  71.2  70.3  69.5  68.6
2021 236  15  32.7  36.4  40.0  43.7  47.3  50.9  54.6  58.2  61.9  65.5  69.2  72.8  75.1  74.5  73.9  73.3  72.7  72.0  71.4  70.8
2021 236  16  30.9  34.9  39.0  43.0  47.0  51.0  55.0  59.0  63.0  67.0  71.1  75.1  77.5  76.6  75.6  74.7  73.7  72.8  71.8  70.9
2021 236  17  28.2  32.5  36.8  41.2  45.5  49.8  54.1  58.4  62.7  67.0  71.4  75.7  78.3  77.3  76.3  75.3  74.4  73.4  72.4  71.4
2021 236  18  33.6  37.7  41.8  45.9  50.0  54.1  58.2  62.3  66.5  70.6  74.7  78.8  81.2  79.9  78.6  77.3  76.0  74.7  73.4  72.1
2021 236  19  37.7  41.6  45.6  49.5  53.4  57.3  61.3  65.2  69.1  73.1  77.0  80.9  83.2  81.8  80.4  79.1  77.7  76.3  75.0  73.6
2021 236  20  39.2  43.2  47.2  51.2  55.2  59.2  63.2  67.2  71.2  75.2  79.2  83.2  85.4  84.0  82.5  81.1  79.6  78.2  76.7  75.3
2021 236  21  47.5  50.9  54.3  57.7  61.1  64.4  67.8  71.2  74.6  77.9  81.3  84.7  86.5  85.0  83.5  81.9  80.4  78.9  77.4  75.9
2021 236  22  53.6  56.5  59.4  62.3  65.3  68.2  71.1  74.0  76.9  79.8  82.7  85.6  87.1  85.5  83.8  82.2  80.6  78.9  77.3  75.7
2021 236  23  63.0  65.0  67.0  69.0  71.0  73.0  75.0  77.0  79.0  81.0  83.0  85.0  86.0  84.9  83.8  82.6  81.5  80.4  79.2  78.1
2021 237   0  63.2  65.2  67.3  69.3  71.3  73.4  75.4  77.5  79.5  81.5  83.6  85.6  86.6  85.2  83.9  82.6  81.3  79.9  78.6  77.3
2021 237   1  59.3  61.8  64.2  66.7  69.2  71.7  74.1  76.6  79.1  81.6  84.0  86.5  87.7  86.1  84.6  83.0  81.5  79.9  78.4  76.8
2021 237   2  55.0  58.0  60.9  63.9  66.9  69.8  72.8  75.7  78.7  81.7  84.6  87.6  89.1  87.4  85.7  84.0  82.3  80.6  78.9  77.2
2021 237   3  59.4  62.1  64.7  67.4  70.0  72.7  75.3  77.9  80.6  83.2  85.9  88.5  89.7  87.7  85.8  83.9  81.9  80.0  78.0  76.1
2021 237   4  61.5  64.0  66.5  69.0  71.5  74.0  76.6  79.1  81.6  84.1  86.6  89.1  90.1  88.1  86.0  84.0  81.9  79.8  77.8  75.7
2021 237   5  62.4  65.0  67.5  70.0  72.6  75.1  77.7  80.2  82.7  85.3  87.8  90.4  91.5  89.8  88.0  86.2  84.5  82.7  80.9  79.2
2021 237   6  64.7  67.0  69.4  71.8  74.2  76.5  78.9  81.3  83.7  86.0  88.4  90.8  92.3  92.1  91.8  91.6  91.3  91.1  90.9  90.6
2021 237   7  58.8  61.7  64.7  67.6  70.5  73.5  76.4  79.3  82.2  85.2  88.1  91.0  92.9  92.8  92.6  92.5  92.3  92.2  92.0  91.8
2021 237   8  58.8  61.8  64.8  67.9  70.9  74.0  77.0  80.1  83.1  86.1  89.2  92.2  94.1  93.3  92.5  91.7  91.0  90.2  89.4  88.7
2021 237   9  60.5  63.5  66.4  69.4  72.3  75.2  78.2  81.1  84.1  87.0  90.0  92.9  94.7  94.0  93.3  92.6  92.0  91.3  90.6  89.9
2021 237  10  63.7  66.4  69.1  71.7  74.4  77.0  79.7  82.4  85.0  87.7  90.3  93.0  94.5  93.5  92.6  91.6  90.6  89.7  88.7  87.8
2021 237  11  70.5  72.4  74.4  76.4  78.4  80.4  82.4  84.4  86.4  88.4  90.4  92.3  93.3  92.2  91.0  89.8  88.6  87.5  86.3  85.1
2021 237  12  69.7  71.8  73.9  76.0  78.0  80.1  82.2  84.3  86.4  88.5  90.6  92.7  93.5  91.6  89.8  87.9  86.0  84.1  82.3  80.4
2021 237  13  64.3  66.9  69.5  72.1  74.7  77.3  79.9  82.5  85.1  87.7  90.2  92.8  93.9  91.6  89.4  87.2  84.9  82.7  80.5  78.2
2021 237  14  62.3  65.1  67.8  70.6  73.4  76.2  78.9  81.7  84.5  87.3  90.0  92.8  93.9  91.3  88.7  86.1  83.5  80.9  78.3  75.8
2021 237  15  60.0  63.0  66.0  69.0  71.9  74.9  77.9  80.9  83.8  86.8  89.8  92.8  94.1  92.0  89.9  87.8  85.7  83.6  81.5  79.4
2021 237  16  61.4  64.4  67.3  70.3  73.3  76.2  79.2  82.1  85.1  88.1  91.0  94.0  95.4  93.3  91.3  89.3  87.2  85.2  83.2  81.2
2021 237  17  68.5  70.9  73.3  75.7  78.1  80.5  82.9  85.3  87.7  90.1  92.6  95.0  96.0  94.2  92.5  90.7  88.9  87.1  85.3  83.5
2021 237  18  72.2  74.3  76.4  78.5  80.6  82.7  84.8  86.9  89.0  91.2  93.3  95.4  96.2  94.5  92.7  90.9  89.2  87.4  85.6  83.9
2021 237  19  73.4  75.4  77.4  79.4  81.5  83.5  85.5  87.5  89.6  91.6  93.6  95.6  96.7  95.7  94.8  93.8  92.8  91.9  90.9  90.0
2021 237  20  77.0  78.7  80.5  82.2  83.9  85.7  87.4  89.2  90.9  92.6  94.4  96.1  97.2  96.8  96.4  96.0  95.6  95.2  94.8  94.4
2021 237  21  76.3  78.2  80.0  81.9  83.7  85.6  87.5  89.3  91.2  93.0  94.9  96.7  98.0  97.9  97.8  97.8  97.7  97.6  97.6  97.5
2021 237  22  77.3  79.1  81.0  82.8  84.6  86.4  88.2  90.1  91.9  93.7  95.5  97.4  98.7  98.8  99.0  99.2  99.4  99.5  99.7  99.9
2021 237  23  77.3  79.1  80.9  82.7  84.5  86.3  88.1  89.9  91.8  93.6  95.4  97.2  98.5  98.7  98.8  99.0  99.2  99.4  99.6  99.8
2021 238   0  80.6  82.2  83.7  85.3  86.9  88.4  90.0  91.5  93.1  94.6  96.2  97.7  98.9  99.1  99.3  99.5  99.7  99.9 100.0 100.0
2021 238   1  81.9  83.4  85.0  86.5  88.0  89.5  91.1  92.6  94.1  95.6  97.1  98.7  99.7  99.7  99.7  99.8  99.8  99.8  99.8  99.8
2021 238   2  79.2  80.9  82.6  84.3  86.1  87.8  89.5  91.2  93.0  94.7  96.4  98.1  99.3  99.4  99.5  99.6  99.7  99.8  99.9  99.9
2021 238   3  74.4  76.5  78.6  80.7  82.8  84.9  87.0  89.1  91.2  93.4  95.5  97.6  99.1  99.2  99.4  99.6  99.8  99.9 100.0 100.0
2021 238   4  74.4  76.5  78.6  80.7  82.8  84.9  87.0  89.1  91.2  93.4  95.5  97.6  99.1  99.2  99.4  99.6  99.8  99.9 100.0 100.0
2021 238   5  73.4  75.7  78.0  80.3  82.5  84.8  87.1  89.4  91.6  93.9  96.2  98.5 100.0 100.0 100.0  99.9  99.9  99.9  99.9  99.9
2021 238   6  70.7  73.2  75.7  78.2  80.7  83.2  85.8  88.3  90.8  93.3  95.8  98.3 100.0 100.0 100.0 100.0 100.0 100.0 100.0 100.0
2021 238   7  74.7  76.8  78.9  81.0  83.0  85.1  87.2  89.3  91.4  93.5  95.6  97.7  99.2  99.3  99.5  99.6  99.8  99.9 100.0 100.0
2021 238   8  70.6  73.0  75.4  77.8  80.2  82.6  85.0  87.4  89.8  92.2  94.7  97.1  98.7  98.7  98.7  98.8  98.8  98.8  98.8  98.8
2021 238   9  71.5  73.7  75.8  78.0  80.1  82.3  84.4  86.6  88.8  90.9  93.1  95.2  96.7  96.5  96.4  96.3  96.2  96.0  95.9  95.8
2021 238  10  65.9  68.5  71.1  73.7  76.3  78.9  81.5  84.1  86.7  89.3  91.8  94.4  96.0  95.4  94.7  94.1  93.5  92.9  92.2  91.6
2021 238  11  63.2  65.8  68.5  71.2  73.9  76.6  79.3  82.0  84.7  87.4  90.1  92.8  94.4  93.7  92.9  92.2  91.5  90.8  90.1  89.4
2021 238  12  57.7  60.9  64.1  67.3  70.5  73.8  77.0  80.2  83.4  86.6  89.8  93.0  94.7  93.3  91.8  90.3  88.9  87.4  85.9  84.4
2021 238  13  63.1  65.8  68.5  71.2  73.9  76.5  79.2  81.9  84.6  87.2  89.9  92.6  93.7  91.6  89.4  87.3  85.1  83.0  80.8  78.7
2021 238  14  64.2  66.7  69.2  71.7  74.2  76.7  79.3  81.8  84.3  86.8  89.3  91.8  92.8  90.6  88.4  86.2  84.0  81.8  79.6  77.4
2021 238  15  62.6  65.2  67.7  70.3  72.8  75.4  78.0  80.5  83.1  85.6  88.2  90.8  91.9  90.2  88.4  86.6  84.9  83.1  81.3  79.6
2021 238  16  60.9  63.7  66.5  69.4  72.2  75.0  77.8  80.7  83.5  86.3  89.2  92.0  93.4  91.7  90.0  88.4  86.7  85.1  83.4  81.7
2021 238  17  61.3  64.2  67.1  70.0  72.9  75.8  78.7  81.6  84.5  87.3  90.2  93.1  94.4  92.3  90.1  88.0  85.8  83.7  81.5  79.4
2021 238  18  63.5  66.3  69.1  71.9  74.7  77.5  80.3  83.2  86.0  88.8  91.6  94.4  95.6  93.5  91.4  89.3  87.2  85.1  83.0  80.9
2021 238  19  58.9  62.2  65.4  68.7  72.0  75.2  78.5  81.7  85.0  88.3  91.5  94.8  96.7  95.6  94.5  93.4  92.3  91.2  90.2  89.1
2021 238  20  60.7  63.8  67.0  70.1  73.3  76.4  79.5  82.7  85.8  89.0  92.1  95.3  97.2  96.6  96.0  95.4  94.8  94.2  93.6  93.0
2021 238  21  58.6  62.0  65.4  68.7  72.1  75.4  78.8  82.2  85.5  88.9  92.3  95.6  97.8  97.4  97.0  96.6  96.2  95.8  95.4  95.0
2021 238  22  60.5  63.8  67.1  70.5  73.8  77.1  80.4  83.7  87.0  90.3  93.6  96.9  99.1  98.9  98.6  98.4  98.1  97.9  97.7  97.4
2021 238  23  67.4  70.1  72.7  75.3  77.9  80.6  83.2  85.8  88.4  91.1  93.7  96.3  98.1  98.3  98.4  98.6  98.7  98.8  99.0  99.1
2021 239   0  77.3  78.9  80.5  82.1  83.7  85.4  87.0  88.6  90.2  91.9  93.5  95.1  96.3  96.8  97.2  97.6  98.0  98.4  98.9  99.3
2021 239   1  69.4  71.8  74.3  76.7  79.2  81.6  84.0  86.5  88.9  91.4  93.8  96.2  97.9  97.7  97.6  97.4  97.3  97.2  97.0  96.9
2021 239   2  73.8  76.1  78.3  80.6  82.8  85.0  87.3  89.5  91.8  94.0  96.2  98.5  99.9  99.5  99.2  98.8  98.5  98.1  97.8  97.4
2021 239   3  71.7  74.1  76.5  79.0  81.4  83.8  86.2  88.7  91.1  93.5  95.9  98.4  99.8  99.3  98.8  98.3  97.8  97.3  96.8  96.3
2021 239   4  72.9  75.2  77.5  79.8  82.1  84.5  86.8  89.1  91.4  93.8  96.1  98.4  99.9  99.5  99.1  98.8  98.4  98.0  97.7  97.3
2021 239   5  80.9  82.5  84.1  85.8  87.4  89.1  90.7  92.3  94.0  95.6  97.2  98.9 100.0 100.0 100.0 100.0 100.0 100.0 100.0 100.0
2021 239   6  94.1  94.6  95.1  95.6  96.1  96.6  97.2  97.7  98.2  98.7  99.2  99.7 100.0 100.0 100.0 100.0 100.0 100.0 100.0 100.0
2021 239   7  97.7  97.9  98.1  98.3  98.5  98.7  98.9  99.1  99.3  99.5  99.7  99.9 100.0 100.0 100.0 100.0 100.0 100.0 100.0 100.0
2021 239   8  95.1  95.5  95.9  96.3  96.7  97.1  97.5  97.9  98.3  98.7  99.1  99.5  99.8  99.8  99.9  99.9 100.0 100.0 100.0 100.0
2021 239   9  91.0  91.7  92.4  93.2  93.9  94.6  95.3  96.0  96.8  97.5  98.2  98.9  99.4  99.2  99.1  98.9  98.8  98.7  98.5  98.4
2021 239  10  92.4  93.0  93.5  94.0  94.5  95.0  95.6  96.1  96.6  97.1  97.6  98.1  98.4  97.9  97.5  97.0  96.6  96.2  95.7  95.3
2021 239  11  99.7  99.5  99.3  99.0  98.8  98.6  98.3  98.1  97.9  97.6  97.4  97.2  96.7  95.7  94.6  93.6  92.6  91.6  90.6  89.6
2021 239  12 100.0 100.0 100.0 100.0 100.0 100.0  99.8  99.3  98.8  98.2  97.7  97.2  96.4  95.0  93.7  92.4  91.1  89.7  88.4  87.1
2021 239  13 100.0 100.0 100.0 100.0 100.0 100.0  99.6  98.9  98.2  97.5  96.9  96.2  95.4  94.3  93.2  92.1  91.0  89.9  88.8  87.8
2021 239  14 100.0 100.0 100.0 100.0 100.0 100.0  99.8  99.1  98.3  97.6  96.9  96.2  95.3  94.2  93.1  92.0  90.9  89.8  88.7  87.6
2021 239  15 100.0 100.0 100.0 100.0 100.0 100.0  99.8  99.1  98.3  97.6  96.9  96.2  95.3  94.2  93.0  91.8  90.6  89.5  88.3  87.1
2021 239  16 100.0 100.0 100.0 100.0 100.0 100.0  99.8  99.2  98.6  98.0  97.3  96.7  96.0  95.2  94.4  93.5  92.7  91.8  91.0  90.2
2021 239  17 100.0 100.0 100.0 100.0 100.0 100.0  99.9  99.4  99.0  98.5  98.1  97.6  96.9  95.8  94.7  93.6  92.5  91.3  90.2  89.1
2021 239  18 100.0 100.0 100.0 100.0 100.0 100.0  99.9  99.7  99.5  99.3  99.1  98.8  98.3  97.1  95.9  94.8  93.6  92.4  91.2  90.0
2021 239  19 100.0 100.0 100.0 100.0 100.0 100.0 100.0 100.0 100.0 100.0 100.0 100.0  99.7  98.7  97.7  96.8  95.8  94.8  93.8  92.8
2021 239  20 100.0 100.0 100.0 100.0 100.0 100.0 100.0 100.0 100.0 100.0 100.0 100.0  99.8  99.4  98.9  98.4  98.0  97.5  97.0  96.5
2021 239  21 100.0 100.0 100.0 100.0 100.0 100.0 100.0 100.0 100.0 100.0 100.0 100.0 100.0  99.9  99.8  99.7  99.5  99.4  99.3  99.2
2021 239  22 100.0 100.0 100.0 100.0 100.0 100.0 100.0 100.0 100.0 100.0 100.0 100.0 100.0 100.0 100.0 100.0 100.0 100.0 100.0 100.0
2021 239  23 100.0 100.0 100.0 100.0 100.0 100.0 100.0 100.0 100.0 100.0 100.0 100.0 100.0 100.0 100.0 100.0 100.0 100.0 100.0 100.0
2021 240   0 100.0 100.0 100.0 100.0 100.0 100.0 100.0 100.0 100.0 100.0 100.0 100.0 100.0 100.0 100.0 100.0 100.0 100.0 100.0 100.0
2021 240   1 100.0 100.0 100.0 100.0 100.0 100.0 100.0 100.0 100.0 100.0 100.0 100.0 100.0 100.0 100.0 100.0 100.0 100.0 100.0 100.0
2021 240   2 100.0 100.0 100.0 100.0 100.0 100.0 100.0 100.0 100.0 100.0 100.0 100.0 100.0 100.0 100.0 100.0 100.0 100.0 100.0 100.0
2021 240   3 100.0 100.0 100.0 100.0 100.0 100.0  99.7  99.2  98.8  98.3  97.9  97.4  97.3  97.8  98.3  98.8  99.3  99.8 100.0 100.0
2021 240   4 100.0 100.0 100.0 100.0 100.0  99.6  98.7  97.9  97.1  96.2  95.4  94.6  94.3  95.4  96.4  97.5  98.5  99.6 100.0 100.0
2021 240   5  89.5  89.7  89.8  89.9  90.0  90.1  90.2  90.4  90.5  90.6  90.7  90.8  91.4  93.0  94.6  96.2  97.8  99.4 100.0 100.0
2021 240   6  83.0  83.8  84.6  85.3  86.1  86.9  87.6  88.4  89.2  89.9  90.7  91.5  92.4  93.8  95.2  96.6  98.0  99.4 100.0 100.0
2021 240   7  81.9  82.5  83.1  83.7  84.3  85.0  85.6  86.2  86.8  87.4  88.1  88.7  89.7  91.6  93.5  95.4  97.3  99.2 100.0 100.0
2021 240   8  74.8  76.0  77.1  78.3  79.4  80.6  81.7  82.9  84.1  85.2  86.4  87.5  89.0  91.0  93.0  95.1  97.1  99.2 100.0 100.0
2021 240   9  77.2  77.7  78.2  78.7  79.2  79.7  80.3  80.8  81.3  81.8  82.3  82.8  84.0  87.0  90.0  92.9  95.9  98.8 100.0 100.0
2021 240  10  76.8  77.0  77.1  77.2  77.4  77.5  77.6  77.8  77.9  78.0  78.2  78.3  79.4  82.5  85.6  88.7  91.8  95.0  98.1 100.0
2021 240  11  63.4  65.0  66.5  68.1  69.7  71.2  72.8  74.3  75.9  77.4  79.0  80.5  81.9  82.9  83.9  84.8  85.8  86.8  87.8  88.8
2021 240  12  65.3  66.9  68.6  70.3  72.0  73.6  75.3  77.0  78.6  80.3  82.0  83.7  84.7  84.4  84.1  83.8  83.5  83.2  82.9  82.6
2021 240  13  72.2  73.7  75.1  76.6  78.0  79.5  80.9  82.4  83.8  85.3  86.8  88.2  88.6  86.8  84.9  83.0  81.2  79.3  77.5  75.6
2021 240  14  70.4  72.1  73.9  75.6  77.3  79.1  80.8  82.6  84.3  86.0  87.8  89.5  90.2  88.4  86.7  85.0  83.3  81.6  79.9  78.2
2021 240  15  73.4  75.0  76.5  78.1  79.7  81.2  82.8  84.3  85.9  87.4  89.0  90.5  91.0  89.1  87.2  85.3  83.4  81.5  79.6  77.7
2021 240  16  80.1  81.3  82.4  83.5  84.7  85.8  86.9  88.1  89.2  90.4  91.5  92.6  92.8  90.8  88.9  86.9  84.9  83.0  81.0  79.1
2021 240  17  87.5  88.1  88.7  89.3  89.9  90.5  91.1  91.7  92.3  92.9  93.5  94.1  94.2  93.3  92.4  91.5  90.6  89.7  88.8  87.8
2021 240  18  78.5  80.1  81.7  83.3  84.9  86.5  88.1  89.7  91.3  92.8  94.4  96.0  96.7  95.5  94.3  93.0  91.8  90.6  89.4  88.1
2021 240  19  83.3  84.5  85.7  86.9  88.2  89.4  90.6  91.8  93.0  94.2  95.4  96.6  97.1  96.3  95.5  94.7  93.9  93.1  92.3  91.5
2021 240  20  86.2  87.3  88.4  89.5  90.6  91.6  92.7  93.8  94.9  96.0  97.1  98.2  98.8  98.3  97.9  97.5  97.1  96.7  96.2  95.8
2021 240  21  80.8  82.4  84.0  85.6  87.2  88.9  90.5  92.1  93.7  95.4  97.0  98.6  99.7  99.6  99.6  99.5  99.5  99.4  99.4  99.3
2021 240  22  81.4  83.0  84.6  86.2  87.8  89.4  91.0  92.6  94.2  95.7  97.3  98.9 100.0 100.0 100.0 100.0 100.0 100.0 100.0 100.0
2021 240  23  77.1  79.1  81.1  83.0  85.0  86.9  88.9  90.8  92.8  94.8  96.7  98.7 100.0 100.0 100.0 100.0 100.0 100.0 100.0 100.0
2021 241   0  76.4  78.4  80.4  82.4  84.5  86.5  88.5  90.5  92.6  94.6  96.6  98.6 100.0 100.0 100.0 100.0 100.0 100.0 100.0 100.0
2021 241   1  76.0  78.0  80.1  82.1  84.2  86.3  88.3  90.4  92.4  94.5  96.5  98.6 100.0 100.0 100.0 100.0 100.0 100.0 100.0 100.0
2021 241   2  80.3  82.0  83.7  85.3  87.0  88.7  90.4  92.1  93.8  95.5  97.2  98.9 100.0 100.0 100.0 100.0 100.0 100.0 100.0 100.0
2021 241   3  83.2  84.6  86.1  87.5  89.0  90.4  91.8  93.3  94.7  96.1  97.6  99.0 100.0 100.0 100.0 100.0 100.0 100.0 100.0 100.0
2021 241   4  88.5  89.5  90.4  91.4  92.4  93.4  94.4  95.4  96.4  97.4  98.3  99.3 100.0 100.0 100.0 100.0 100.0 100.0 100.0 100.0
2021 241   5  85.7  87.0  88.2  89.4  90.6  91.8  93.1  94.3  95.5  96.7  97.9  99.2 100.0 100.0 100.0 100.0 100.0 100.0 100.0 100.0
2021 241   6  93.2  93.7  94.3  94.9  95.5  96.1  96.7  97.3  97.8  98.4  99.0  99.6 100.0 100.0 100.0 100.0 100.0 100.0 100.0 100.0
2021 241   7 100.0 100.0 100.0 100.0 100.0 100.0 100.0 100.0 100.0 100.0 100.0 100.0 100.0 100.0 100.0 100.0 100.0 100.0 100.0 100.0
2021 241   8 100.0 100.0 100.0 100.0 100.0 100.0  99.9  99.6  99.3  99.0  98.7  98.4  98.3  98.6  98.9  99.2  99.6  99.9 100.0 100.0
2021 241   9 100.0 100.0 100.0 100.0 100.0 100.0  99.7  98.6  97.6  96.5  95.5  94.4  94.1  95.2  96.3  97.4  98.5  99.6 100.0 100.0
2021 241  10 100.0 100.0 100.0 100.0 100.0 100.0  99.3  98.0  96.7  95.4  94.1  92.8  92.3  93.5  94.7  95.9  97.1  98.3  99.5 100.0
2021 241  11  94.9  94.4  93.9  93.5  93.0  92.5  92.1  91.6  91.1  90.7  90.2  89.7  89.7  90.7  91.8  92.8  93.8  94.8  95.8  96.8
2021 241  12  74.7  75.8  76.8  77.9  79.0  80.1  81.1  82.2  83.3  84.3  85.4  86.5  87.3  87.5  87.7  87.9  88.1  88.3  88.5  88.7
2021 241  13  74.4  75.2  75.9  76.7  77.4  78.2  78.9  79.7  80.4  81.2  81.9  82.7  83.2  83.3  83.3  83.4  83.4  83.5  83.5  83.6
2021 241  14  68.6  69.8  71.1  72.3  73.6  74.8  76.1  77.3  78.6  79.8  81.1  82.3  83.1  82.9  82.6  82.4  82.1  81.9  81.7  81.4
2021 241  15  64.0  66.0  68.0  70.0  72.1  74.1  76.1  78.1  80.2  82.2  84.2  86.2  87.1  85.4  83.7  82.1  80.4  78.8  77.1  75.4
2021 241  16  63.7  66.1  68.4  70.7  73.0  75.3  77.6  79.9  82.2  84.5  86.8  89.1  90.1  88.0  86.0  84.0  82.0  80.0  78.0  76.0
2021 241  17  66.5  68.5  70.6  72.6  74.6  76.7  78.7  80.8  82.8  84.8  86.9  88.9  90.0  88.9  87.9  86.9  85.8  84.8  83.8  82.8
2021 241  18  65.9  68.1  70.2  72.4  74.5  76.7  78.8  81.0  83.2  85.3  87.5  89.6  91.1  91.0  90.9  90.8  90.7  90.6  90.5  90.5
2021 241  19  90.4  90.6  90.9  91.1  91.4  91.6  91.9  92.1  92.4  92.6  92.9  93.1  93.3  93.2  93.2  93.1  93.1  93.0  93.0  92.9
2021 241  20  95.5  95.9  96.3  96.7  97.0  97.4  97.8  98.2  98.6  99.0  99.4  99.7  99.6  98.3  97.0  95.7  94.4  93.1  91.8  90.5
2021 241  21 100.0 100.0 100.0 100.0 100.0 100.0 100.0 100.0 100.0 100.0 100.0 100.0  99.9  99.7  99.4  99.1  98.9  98.6  98.3  98.1
2021 241  22  93.6  94.1  94.7  95.2  95.8  96.3  96.9  97.4  98.0  98.5  99.1  99.6 100.0 100.0 100.0 100.0 100.0 100.0 100.0 100.0
2021 241  23  84.5  85.7  86.9  88.1  89.4  90.6  91.8  93.0  94.2  95.4  96.6  97.8  98.7  98.9  99.2  99.4  99.7  99.9 100.0 100.0
2021 242   0  90.8  91.4  92.0  92.7  93.3  94.0  94.6  95.2  95.9  96.5  97.1  97.8  98.3  98.6  98.9  99.2  99.6  99.9 100.0 100.0
2021 242   1  86.7  87.7  88.7  89.7  90.8  91.8  92.8  93.8  94.8  95.9  96.9  97.9  98.7  98.9  99.2  99.4  99.7  99.9 100.0 100.0
2021 242   2  84.1  85.4  86.6  87.9  89.1  90.3  91.6  92.8  94.0  95.3  96.5  97.8  98.6  98.6  98.5  98.5  98.4  98.4  98.4  98.3
2021 242   3  87.0  87.9  88.9  89.8  90.8  91.7  92.7  93.6  94.6  95.5  96.5  97.5  98.0  97.5  97.1  96.6  96.2  95.8  95.3  94.9
2021 242   4  94.3  94.5  94.8  95.1  95.3  95.6  95.9  96.1  96.4  96.7  97.0  97.2  97.2  96.4  95.7  94.9  94.2  93.4  92.6  91.9
2021 242   5  99.4  99.2  98.9  98.7  98.4  98.2  97.9  97.7  97.4  97.2  96.9  96.7  96.3  95.7  95.1  94.5  93.9  93.3  92.7  92.1
2021 242   6 100.0 100.0 100.0 100.0 100.0  99.6  98.5  97.4  96.3  95.2  94.1  93.0  92.6  94.0  95.4  96.7  98.1  99.5 100.0 100.0
2021 242   7 100.0 100.0 100.0 100.0 100.0 100.0  99.6  98.1  96.7  95.3  93.8  92.4  91.9  93.4  94.8  96.3  97.8  99.3 100.0 100.0
2021 242   8 100.0 100.0 100.0 100.0 100.0 100.0  99.5  97.7  95.8  94.0  92.2  90.4  89.6  90.9  92.2  93.6  94.9  96.2  97.5  98.8
2021 242   9 100.0 100.0 100.0  99.2  97.7  96.2  94.6  93.1  91.6  90.1  88.6  87.0  86.4  87.6  88.8  89.9  91.1  92.3  93.5  94.7
2021 242  10  86.8  86.8  86.7  86.7  86.7  86.6  86.6  86.6  86.5  86.5  86.5  86.4  86.3  86.1  85.9  85.7  85.5  85.3  85.1  84.9
2021 242  11  72.6  73.5  74.4  75.4  76.3  77.2  78.2  79.1  80.1  81.0  81.9  82.9  83.3  82.7  82.1  81.5  80.9  80.2  79.6  79.0
2021 242  12  66.4  67.8  69.2  70.6  71.9  73.3  74.7  76.1  77.5  78.9  80.3  81.7  82.3  81.5  80.6  79.8  78.9  78.0  77.2  76.3
2021 242  13  65.6  67.2  68.7  70.2  71.8  73.3  74.9  76.4  77.9  79.5  81.0  82.6  83.2  81.9  80.6  79.2  77.9  76.6  75.3  74.0
2021 242  14  66.3  67.8  69.2  70.7  72.1  73.6  75.0  76.5  77.9  79.4  80.9  82.3  82.7  80.7  78.7  76.7  74.8  72.8  70.8  68.8
2021 242  15  62.1  64.3  66.4  68.6  70.7  72.9  75.0  77.2  79.4  81.5  83.7  85.8  86.3  83.1  80.0  76.9  73.7  70.6  67.4  64.3
2021 242  16  61.8  64.0  66.2  68.4  70.6  72.8  75.0  77.1  79.3  81.5  83.7  85.9  86.4  83.3  80.3  77.2  74.1  71.0  68.0  64.9
2021 242  17  61.1  63.6  66.1  68.6  71.1  73.6  76.2  78.7  81.2  83.7  86.2  88.7  89.3  85.9  82.4  79.0  75.5  72.1  68.6  65.2
2021 242  18  56.3  59.5  62.7  65.9  69.1  72.4  75.6  78.8  82.0  85.2  88.4  91.6  92.7  89.1  85.6  82.1  78.5  75.0  71.5  67.9
2021 242  19  53.7  57.4  61.1  64.8  68.4  72.1  75.8  79.5  83.2  86.8  90.5  94.2  95.7  92.7  89.6  86.6  83.6  80.5  77.5  74.4
2021 242  20  53.6  57.4  61.1  64.8  68.6  72.3  76.0  79.7  83.5  87.2  90.9  94.7  96.8  95.4  94.1  92.8  91.5  90.1  88.8  87.5
2021 242  21  58.6  61.9  65.3  68.7  72.1  75.5  78.9  82.3  85.7  89.1  92.5  95.9  98.2  98.3  98.3  98.4  98.4  98.5  98.5  98.6
2021 242  22  65.8  68.6  71.5  74.3  77.2  80.0  82.9  85.7  88.5  91.4  94.2  97.1  99.1  99.2  99.4  99.6  99.8  99.9 100.0 100.0
2021 242  23  66.9  69.5  72.2  74.9  77.6  80.3  83.0  85.7  88.4  91.1  93.8  96.5  98.4  98.7  99.0  99.3  99.6  99.9 100.0 100.0
2021 243   0  71.1  73.4  75.7  78.0  80.2  82.5  84.8  87.1  89.3  91.6  93.9  96.2  97.8  98.2  98.6  99.0  99.4  99.8 100.0 100.0
2021 243   1  73.4  75.3  77.3  79.3  81.2  83.2  85.2  87.2  89.1  91.1  93.1  95.1  96.6  97.2  97.9  98.5  99.1  99.7 100.0 100.0
2021 243   2  66.9  69.2  71.6  74.0  76.4  78.7  81.1  83.5  85.9  88.2  90.6  93.0  94.9  95.8  96.8  97.7  98.7  99.6 100.0 100.0
2021 243   3  67.5  69.8  72.1  74.4  76.7  79.1  81.4  83.7  86.0  88.4  90.7  93.0  94.9  95.8  96.7  97.6  98.5  99.4 100.0 100.0
2021 243   4  64.4  67.1  69.8  72.5  75.3  78.0  80.7  83.4  86.2  88.9  91.6  94.3  96.4  97.1  97.7  98.4  99.1  99.7 100.0 100.0
2021 243   5  58.3  61.6  64.9  68.2  71.5  74.8  78.1  81.4  84.7  88.0  91.3  94.6  97.0  97.5  98.1  98.7  99.2  99.8 100.0 100.0
2021 243   6  61.2  64.2  67.2  70.2  73.1  76.1  79.1  82.1  85.0  88.0  91.0  94.0  96.2  96.9  97.6  98.3  99.0  99.7 100.0 100.0
2021 243   7  65.5  67.9  70.3  72.8  75.2  77.6  80.0  82.5  84.9  87.3  89.7  92.2  94.1  95.2  96.3  97.4  98.5  99.6 100.0 100.0
2021 243   8  71.7  73.3  74.9  76.6  78.2  79.9  81.5  83.1  84.8  86.4  88.0  89.7  91.3  92.9  94.5  96.1  97.7  99.4 100.0 100.0
2021 243   9  75.0  76.3  77.5  78.7  79.9  81.1  82.4  83.6  84.8  86.0  87.2  88.5  89.8  91.4  92.9  94.5  96.1  97.7  99.2 100.0
2021 243  10  69.4  71.2  73.1  74.9  76.7  78.5  80.3  82.2  84.0  85.8  87.6  89.5  91.1  92.2  93.4  94.6  95.8  96.9  98.1  99.3
2021 243  11  69.6  71.3  73.0  74.7  76.4  78.1  79.8  81.5  83.2  84.9  86.6  88.3  89.6  89.8  90.0  90.2  90.4  90.6  90.8  91.0
2021 243  12  71.7  73.0  74.4  75.7  77.1  78.5  79.8  81.2  82.5  83.9  85.2  86.6  87.3  86.8  86.3  85.8  85.2  84.7  84.2  83.7
2021 243  13  73.2  74.3  75.4  76.5  77.6  78.6  79.7  80.8  81.9  83.0  84.1  85.2  85.6  84.5  83.5  82.4  81.4  80.3  79.3  78.2
2021 243  14  70.6  72.5  74.3  76.1  78.0  79.8  81.7  83.5  85.3  87.2  89.0  90.8  91.4  89.1  86.8  84.6  82.3  80.0  77.7  75.5
2021 243  15  66.0  68.7  71.5  74.2  76.9  79.7  82.4  85.2  87.9  90.7  93.4  96.1  96.8  93.2  89.5  85.9  82.2  78.6  74.9  71.3
2021 243  16  66.4  69.0  71.5  74.1  76.7  79.2  81.8  84.3  86.9  89.4  92.0  94.6  95.2  91.8  88.4  85.0  81.6  78.3  74.9  71.5
2021 243  17  65.0  67.9  70.8  73.6  76.5  79.4  82.3  85.1  88.0  90.9  93.8  96.6  97.5  94.1  90.7  87.3  83.9  80.5  77.1  73.6
2021 243  18  62.1  65.4  68.6  71.8  75.1  78.3  81.6  84.8  88.1  91.3  94.6  97.8  99.0  95.7  92.5  89.2  86.0  82.7  79.4  76.2
2021 243  19  65.4  68.1  70.9  73.7  76.4  79.2  81.9  84.7  87.4  90.2  93.0  95.7  97.3  96.5  95.7  94.9  94.1  93.2  92.4  91.6
2021 243  20  69.7  72.1  74.6  77.1  79.5  82.0  84.4  86.9  89.4  91.8  94.3  96.7  98.5  98.8  99.0  99.3  99.6  99.9 100.0 100.0
2021 243  21  79.0  80.7  82.4  84.1  85.8  87.5  89.2  90.9  92.6  94.3  96.0  97.7  99.0  99.2  99.3  99.5  99.7  99.9 100.0 100.0
2021 243  22  83.0  84.4  85.8  87.3  88.7  90.1  91.5  92.9  94.4  95.8  97.2  98.6  99.6  99.7  99.8  99.8  99.9 100.0 100.0 100.0
2021 243  23  79.0  80.6  82.3  83.9  85.6  87.2  88.9  90.6  92.2  93.9  95.5  97.2  98.4  98.7  99.0  99.3  99.6  99.9 100.0 100.0
