 Year Day Hour 100m 200m 300m 400m 500m 600m 700m 800m 900m 1000m 1100m 1200m 1300m 1400m 1500m 1600m 1700m 1800m 1900m 2000m
2021 213   0  1.06  0.86  0.69  0.52  0.35  0.18  0.01  0.00  0.00  0.00  0.00  0.00  0.00  0.00  0.00  0.00  0.00  0.00  0.00  0.00
2021 213   1  0.84  0.64  0.44  0.26  0.08  0.00  0.00  0.00  0.00  0.00  0.00  0.00  0.00  0.00  0.00  0.00  0.00  0.00  0.00  0.00
2021 213   2  0.98  0.77  0.58  0.39  0.21  0.03  0.00  0.00  0.00  0.00  0.00  0.00  0.00  0.00  0.00  0.00  0.00  0.00  0.00  0.00
2021 213   3  1.13  0.88  0.65  0.43  0.22  0.02  0.00  0.00  0.00  0.00  0.00  0.00  0.00  0.00  0.00  0.00  0.00  0.00  0.00  0.00
2021 213   4  1.61  1.27  0.95  0.65  0.38  0.12  0.00  0.00  0.00  0.00  0.00  0.00  0.00  0.00  0.00  0.00  0.00  0.00  0.00  0.00
2021 213   5  0.00  0.00  0.00  0.00  0.00  0.00  0.00  0.00  0.00  0.00  0.00  0.00  0.00  0.00  0.00  0.00  0.00  0.00  0.00  0.00
2021 213   6  0.00  0.00  0.00  0.00  0.00  0.00  0.00  0.00  0.00  0.00  0.00  0.00  0.00  0.00  0.00  0.00  0.00  0.00  0.00  0.00
2021 213   7  0.00  0.00  0.00  0.00  0.00  0.01  0.00  0.00  0.00  0.00  0.00  0.00  0.00  0.00  0.00  0.00  0.00  0.00  0.00  0.00
2021 213   8  0.68  0.70  0.71  0.73  0.70  0.66  0.62  0.52  0.38  0.24  0.10  0.00  0.00  0.00  0.00  0.00  0.00  0.00  0.00  0.00
2021 213   9  1.82  1.81  1.75  1.71  1.60  1.50  1.43  1.31  1.16  1.02  0.91  0.66  0.26  0.00  0.00  0.00  0.00  0.00  0.00  0.00
2021 213  10  2.58  2.56  2.49  2.48  2.38  2.30  2.27  2.17  2.04  1.93  1.85  1.57  1.08  0.51  0.06  0.00  0.00  0.00  0.00  0.00
2021 213  11  3.43  3.28  3.06  2.93  2.75  2.68  2.76  2.75  2.69  2.62  2.58  2.26  1.71  1.09  0.64  0.00  0.00  0.00  0.00  0.00
2021 213  12  4.19  4.08  3.87  3.80  3.64  3.56  3.59  3.54  3.44  3.37  3.35  3.03  2.40  1.67  1.15  0.00  0.00  0.00  0.00  0.00
2021 213  13  5.72  5.62  5.36  5.19  4.87  4.61  4.50  4.31  4.11  3.98  3.92  3.54  2.81  1.96  1.36  0.00  0.00  0.00  0.00  0.00
2021 213  14  5.83  5.84  5.71  5.70  5.49  5.30  5.22  5.06  4.86  4.71  4.62  4.16  3.32  2.37  1.72  0.00  0.00  0.00  0.00  0.00
2021 213  15  6.79  6.75  6.54  6.41  6.06  5.72  5.55  5.33  5.07  4.89  4.79  4.32  3.50  2.58  1.96  0.00  0.00  0.00  0.00  0.00
2021 213  16  5.14  5.01  4.81  4.72  4.56  4.54  4.71  4.77  4.74  4.70  4.69  4.28  3.48  2.56  1.94  0.00  0.00  0.00  0.00  0.00
2021 213  17  5.15  5.25  5.26  5.36  5.25  5.15  5.12  5.01  4.83  4.68  4.58  4.11  3.31  2.44  1.85  0.00  0.00  0.00  0.00  0.00
2021 213  18  7.12  6.98  6.65  6.37  5.93  5.53  5.26  4.95  4.62  4.35  4.16  3.67  2.91  2.14  1.61  0.00  0.00  0.00  0.00  0.00
2021 213  19  7.44  7.08  6.62  6.22  5.70  5.23  4.88  4.51  4.13  3.82  3.58  3.10  2.41  1.73  1.26  0.00  0.00  0.00  0.00  0.00
2021 213  20  8.24  7.68  7.02  6.42  5.78  5.17  4.68  4.20  3.73  3.32  2.99  2.49  1.85  1.27  0.86  0.00  0.00  0.00  0.00  0.00
2021 213  21  7.17  6.71  6.19  5.63  5.05  4.50  4.02  3.55  3.09  2.68  2.34  1.87  1.32  0.83  0.46  0.00  0.00  0.00  0.00  0.00
2021 213  22  4.46  4.29  4.08  3.86  3.60  3.27  2.92  2.56  2.19  1.84  1.51  1.11  0.67  0.33  0.06  0.00  0.00  0.00  0.00  0.00
2021 213  23  3.39  3.32  3.26  3.15  3.01  2.82  2.55  2.20  1.82  1.43  1.04  0.61  0.18  0.00  0.00  0.00  0.00  0.00  0.00  0.00
2021 214   0  2.04  2.20  2.32  2.36  2.34  2.26  2.06  1.79  1.47  1.11  0.73  0.31  0.00  0.00  0.00  0.00  0.00  0.00  0.00  0.00
2021 214   1  2.48  2.58  2.63  2.63  2.59  2.51  2.27  2.00  1.69  1.36  1.01  0.64  0.30  0.02  0.00  0.00  0.00  0.00  0.00  0.00
2021 214   2  0.68  1.11  1.48  1.78  1.96  2.05  1.97  1.78  1.50  1.16  0.77  0.33  0.00  0.00  0.00  0.00  0.00  0.00  0.00  0.00
2021 214   3  0.57  1.01  1.43  1.76  1.97  2.06  1.97  1.76  1.46  1.08  0.65  0.17  0.00  0.00  0.00  0.00  0.00  0.00  0.00  0.00
2021 214   4  0.00  0.11  0.65  1.19  1.60  1.78  1.82  1.72  1.53  1.24  0.88  0.46  0.07  0.00  0.00  0.00  0.00  0.00  0.00  0.00
2021 214   5  2.81  2.95  3.01  3.00  2.92  2.70  2.43  2.12  1.77  1.39  0.98  0.55  0.17  0.00  0.00  0.00  0.00  0.00  0.00  0.00
2021 214   6  6.34  5.88  5.39  4.92  4.38  3.80  3.22  2.66  2.12  1.59  1.07  0.57  0.16  0.00  0.00  0.00  0.00  0.00  0.00  0.00
2021 214   7  5.11  4.77  4.40  4.03  3.66  3.19  2.73  2.27  1.82  1.37  0.93  0.48  0.09  0.00  0.00  0.00  0.00  0.00  0.00  0.00
2021 214   8  5.41  5.05  4.66  4.28  3.88  3.48  3.00  2.53  2.05  1.60  1.15  0.68  0.25  0.00  0.00  0.00  0.00  0.00  0.00  0.00
2021 214   9  1.88  2.13  2.35  2.54  2.63  2.63  2.53  2.35  2.10  1.81  1.49  1.07  0.64  0.31  0.02  0.00  0.00  0.00  0.00  0.00
2021 214  10  3.31  3.45  3.51  3.52  3.42  3.24  3.05  2.83  2.58  2.33  2.09  1.74  1.29  0.87  0.54  0.00  0.00  0.00  0.00  0.00
2021 214  11  2.09  2.19  2.30  2.55  2.74  2.89  2.94  2.88  2.73  2.54  2.32  1.91  1.44  1.11  0.87  0.00  0.00  0.00  0.00  0.00
2021 214  12  3.45  3.55  3.60  3.75  3.77  3.77  3.76  3.64  3.44  3.23  3.01  2.57  2.04  1.66  1.41  0.00  0.00  0.00  0.00  0.00
2021 214  13  6.14  6.12  5.72  5.48  5.07  4.72  4.47  4.14  3.77  3.42  3.08  2.48  1.87  1.54  1.35  0.00  0.00  0.00  0.00  0.00
2021 214  14  7.09  7.11  6.72  6.46  6.03  5.66  5.42  5.13  4.82  4.58  4.40  3.90  3.13  2.38  1.94  0.00  0.00  0.00  0.00  0.00
2021 214  15  6.95  6.91  6.61  6.42  6.06  5.75  5.61  5.37  5.10  4.90  4.77  4.30  3.51  2.65  2.14  0.00  0.00  0.00  0.00  0.00
2021 214  16  6.53  6.69  6.38  6.18  5.78  5.45  5.28  5.02  4.72  4.48  4.29  3.79  3.04  2.28  1.82  0.00  0.00  0.00  0.00  0.00
2021 214  17  4.45  4.65  4.66  4.73  4.64  4.56  4.58  4.50  4.38  4.31  4.30  3.97  3.25  2.34  1.79  0.00  0.00 -0.00 -0.00  0.00
2021 214  18  1.28  1.69  2.12  2.49  2.73  2.92  3.08  3.13  3.13  3.13  3.16  2.98  2.49  1.83  1.41  0.00  0.00 -0.00  0.00  0.00
2021 214  19  2.29  2.33  2.33  2.39  2.40  2.39  2.40  2.32  2.19  2.05  1.90  1.62  1.30  1.05  0.85  0.00  0.00  0.00  0.00  0.00
2021 214  20  3.02  2.82  2.60  2.40  2.19  2.00  1.84  1.68  1.53  1.40  1.31  1.15  0.93  0.69  0.50  0.00  0.00  0.00  0.00  0.00
2021 214  21  2.05  1.94  1.85  1.76  1.65  1.55  1.45  1.34  1.23  1.14  1.08  0.95  0.77  0.59  0.47  0.00  0.00  0.00  0.00  0.00
2021 214  22  0.84  0.87  0.83  0.77  0.72  0.68  0.66  0.63  0.57  0.48  0.37  0.20  0.07  0.13  0.17  0.00  0.00  0.00  0.00 -0.00
2021 214  23  0.94  0.93  0.91  0.81  0.64  0.49  0.36  0.23  0.08  0.00  0.00  0.00  0.00  0.00  0.00  0.00  0.00  0.00 -0.00  0.00
2021 215   0  0.67  0.67  0.66  0.66  0.53  0.37  0.22  0.07  0.00  0.00  0.00  0.00  0.00  0.00  0.00  0.00  0.00  0.00  0.00  0.00
2021 215   1  0.59  0.57  0.55  0.54  0.47  0.32  0.17  0.02  0.00  0.00  0.00  0.00  0.00  0.00  0.00  0.00  0.00  0.00  0.00  0.00
2021 215   2  0.63  0.63  0.62  0.57  0.44  0.32  0.20  0.07  0.00  0.00  0.00  0.00  0.00  0.00  0.00  0.00  0.00  0.00  0.00  0.00
2021 215   3  0.86  0.83  0.80  0.67  0.52  0.37  0.22  0.06  0.00  0.00  0.00  0.00  0.00  0.00  0.00  0.00  0.00  0.00  0.00  0.00
2021 215   4  0.91  0.86  0.75  0.61  0.46  0.31  0.16  0.01  0.00  0.00  0.00  0.00  0.00  0.00  0.00  0.00  0.00  0.00  0.00  0.00
2021 215   5  0.62  0.52  0.43  0.33  0.24  0.15  0.05  0.00  0.00  0.00  0.00  0.00  0.00  0.00  0.00  0.00  0.00  0.00  0.00  0.00
2021 215   6  0.64  0.57  0.49  0.41  0.33  0.26  0.17  0.08  0.00  0.00  0.00  0.00  0.00  0.00  0.00  0.00  0.00  0.00  0.00  0.00
2021 215   7  0.75  0.68  0.60  0.53  0.46  0.39  0.32  0.24  0.14  0.02  0.00  0.00  0.00  0.00  0.00  0.00  0.00  0.00  0.00  0.00
2021 215   8  0.72  0.67  0.62  0.57  0.52  0.48  0.46  0.42  0.36  0.28  0.21  0.08  0.00  0.00  0.00  0.00  0.00  0.00  0.00  0.00
2021 215   9  1.57  1.49  1.37  1.28  1.15  1.04  0.95  0.84  0.71  0.59  0.47  0.28  0.09  0.02  0.00  0.00  0.00  0.00  0.00  0.00
2021 215  10  3.01  2.88  2.66  2.49  2.26  2.07  1.95  1.81  1.65  1.50  1.37  1.12  0.79  0.48  0.25  0.00  0.00  0.00  0.00  0.00
2021 215  11  5.25  5.00  4.56  4.25  3.82  3.46  3.26  3.05  2.82  2.64  2.52  2.18  1.70  1.22  0.89  0.00  0.00  0.00  0.00  0.00
2021 215  12  5.69  5.35  4.81  4.41  3.90  3.48  3.22  2.95  2.68  2.47  2.31  1.95  1.49  1.11  0.87  0.00  0.00  0.00  0.00  0.00
2021 215  13  4.88  4.75  4.42  4.23  3.92  3.69  3.61  3.51  3.39  3.31  3.29  2.99  2.42  1.76  1.33  0.00 -0.00  0.00  0.00  0.00
2021 215  14  4.77  4.74  4.51  4.42  4.19  4.03  4.04  4.02  3.99  4.01  4.12  3.90  3.26  2.37  1.78  0.00  0.00  0.00  0.00  0.00
2021 215  15  5.70  5.62  5.30  5.12  4.77  4.51  4.43  4.31  4.18  4.11  4.14  3.83  3.19  2.41  1.91  0.00  0.00  0.00  0.00  0.00
2021 215  16  5.77  5.66  5.33  5.13  4.77  4.50  4.40  4.27  4.13  4.06  4.08  3.78  3.14  2.36  1.86  0.00  0.00  0.00 -0.00  0.00
2021 215  17  5.01  4.94  4.68  4.53  4.24  4.02  3.95  3.86  3.76  3.71  3.76  3.49  2.90  2.17  1.70  0.00  0.00  0.00  0.00  0.00
2021 215  18  4.66  4.56  4.29  4.12  3.83  3.61  3.53  3.42  3.31  3.26  3.29  3.06  2.53  1.88  1.45  0.00  0.00  0.00 -0.00  0.00
2021 215  19  3.98  3.88  3.64  3.49  3.25  3.05  2.96  2.86  2.75  2.69  2.71  2.51  2.05  1.48  1.10  0.00  0.00  0.00  0.00 -0.00
2021 215  20  3.62  3.41  3.12  2.90  2.63  2.41  2.27  2.14  2.01  1.95  1.96  1.81  1.47  0.99  0.67  0.00  0.00  0.00  0.00  0.00
2021 215  21  3.93  3.50  3.06  2.68  2.29  1.97  1.71  1.48  1.29  1.17  1.13  1.01  0.76  0.43  0.18  0.00  0.00  0.00  0.00  0.00
2021 215  22  2.57  2.29  2.01  1.76  1.51  1.29  1.10  0.91  0.74  0.61  0.52  0.37  0.14  0.00  0.00  0.00  0.00  0.00  0.00  0.00
2021 215  23  0.93  0.83  0.76  0.69  0.61  0.52  0.42  0.30  0.17  0.04  0.00  0.00  0.00  0.00  0.00  0.00  0.00  0.00  0.00  0.00
2021 216   0  1.29  1.14  0.99  0.84  0.68  0.52  0.34  0.14  0.00  0.00  0.00  0.00  0.00  0.00  0.00  0.00  0.00  0.00  0.00  0.00
2021 216   1  0.32  0.33  0.34  0.32  0.28  0.22  0.12  0.00  0.00  0.00  0.00  0.00  0.00  0.00  0.00  0.00  0.00  0.00  0.00  0.00
2021 216   2  0.18  0.23  0.26  0.28  0.27  0.23  0.13  0.00  0.00  0.00  0.00  0.00  0.00  0.00  0.00  0.00  0.00  0.00  0.00  0.00
2021 216   3  0.25  0.24  0.23  0.21  0.16  0.10  0.00  0.00  0.00  0.00  0.00  0.00  0.00  0.00  0.00  0.00  0.00  0.00  0.00  0.00
2021 216   4  0.67  0.58  0.49  0.38  0.27  0.14  0.00  0.00  0.00  0.00  0.00  0.00  0.00  0.00  0.00  0.00  0.00  0.00  0.00  0.00
2021 216   5  0.29  0.30  0.30  0.30  0.26  0.19  0.08  0.00  0.00  0.00  0.00  0.00  0.00  0.00  0.00  0.00  0.00  0.00  0.00  0.00
2021 216   6  0.03  0.06  0.09  0.13  0.14  0.12  0.06  0.00  0.00  0.00  0.00  0.00  0.00  0.00  0.00  0.00  0.00  0.00  0.00  0.00
2021 216   7  0.78  0.76  0.72  0.66  0.58  0.49  0.38  0.22  0.02  0.00  0.00  0.00  0.00  0.00  0.00  0.00  0.00  0.00  0.00  0.00
2021 216   8  1.22  1.16  1.07  1.02  0.94  0.85  0.77  0.61  0.40  0.12  0.00  0.00  0.00  0.00  0.00  0.00  0.00  0.00  0.00  0.00
2021 216   9  3.25  3.04  2.74  2.48  2.16  1.87  1.64  1.37  1.06  0.71  0.35  0.00  0.00  0.00  0.00  0.00  0.00  0.00  0.00  0.00
2021 216  10  2.40  2.45  2.40  2.41  2.33  2.27  2.28  2.23  2.14  1.97  1.79  1.52  1.02  0.46  0.09  0.00  0.00  0.00  0.00  0.00
2021 216  11  4.23  4.13  3.88  3.70  3.41  3.17  3.08  2.93  2.77  2.55  2.34  2.04  1.51  0.93  0.56  0.00  0.00  0.00  0.00  0.00
2021 216  12  5.09  4.93  4.59  4.36  4.00  3.70  3.58  3.42  3.25  3.02  2.80  2.48  1.93  1.33  0.97  0.00  0.00  0.00  0.00  0.00
2021 216  13  6.49  6.22  5.75  5.41  4.93  4.53  4.34  4.12  3.89  3.60  3.34  2.97  2.33  1.64  1.24  0.00  0.00  0.00  0.00  0.00
2021 216  14  6.75  6.46  5.95  5.59  5.08  4.67  4.49  4.28  4.07  3.81  3.58  3.23  2.55  1.74  1.27  0.00  0.00 -0.00  0.00  0.00
2021 216  15  6.01  5.86  5.49  5.25  4.85  4.52  4.43  4.30  4.15  3.93  3.73  3.40  2.76  2.05  1.66  0.00  0.00  0.00  0.00  0.00
2021 216  16  6.39  6.15  5.70  5.39  4.93  4.55  4.41  4.23  4.05  3.82  3.62  3.30  2.66  1.92  1.50  0.00 -0.00  0.00  0.00  0.00
2021 216  17  7.46  6.97  6.31  5.81  5.19  4.68  4.41  4.12  3.86  3.58  3.35  3.04  2.45  1.76  1.36 -0.00  0.00  0.00  0.00  0.00
2021 216  18  7.33  6.76  6.06  5.51  4.87  4.34  4.01  3.69  3.41  3.12  2.90  2.62  2.10  1.47  1.11  0.00  0.00  0.00  0.00  0.00
2021 216  19  6.03  5.58  5.02  4.58  4.07  3.64  3.37  3.10  2.85  2.60  2.40  2.13  1.66  1.11  0.78  0.00 -0.00  0.00  0.00  0.00
2021 216  20  4.17  3.88  3.53  3.24  2.90  2.61  2.44  2.25  2.07  1.88  1.72  1.51  1.12  0.67  0.40  0.00  0.00  0.00  0.00  0.00
2021 216  21  2.37  2.20  1.99  1.82  1.62  1.45  1.34  1.23  1.12  1.01  0.91  0.78  0.50  0.15  0.00  0.00  0.00  0.00  0.00  0.00
2021 216  22  2.29  2.03  1.77  1.54  1.30  1.09  0.92  0.75  0.58  0.43  0.28  0.12  0.00  0.00  0.00  0.00  0.00  0.00  0.00  0.00
2021 216  23  1.75  1.47  1.22  1.01  0.81  0.61  0.42  0.23  0.04  0.00  0.00  0.00  0.00  0.00  0.00  0.00  0.00  0.00  0.00  0.00
2021 217   0  0.47  0.43  0.39  0.34  0.27  0.19  0.08  0.00  0.00  0.00  0.00  0.00  0.00  0.00  0.00  0.00  0.00  0.00  0.00  0.00
2021 217   1  0.19  0.19  0.19  0.19  0.17  0.12  0.02  0.00  0.00  0.00  0.00  0.00  0.00  0.00  0.00  0.00  0.00  0.00  0.00  0.00
2021 217   2  0.07  0.09  0.11  0.13  0.13  0.09  0.01  0.00  0.00  0.00  0.00  0.00  0.00  0.00  0.00  0.00  0.00  0.00  0.00  0.00
2021 217   3  0.00  0.00  0.00  0.00  0.00  0.00  0.00  0.00  0.00  0.00  0.00  0.00  0.00  0.00  0.00  0.00  0.00  0.00  0.00  0.00
2021 217   4  0.15  0.20  0.25  0.29  0.32  0.31  0.27  0.19  0.06  0.00  0.00  0.00  0.00  0.00  0.00  0.00  0.00  0.00  0.00  0.00
2021 217   5  1.64  1.62  1.49  1.35  1.19  1.01  0.81  0.58  0.33  0.06  0.00  0.00  0.00  0.00  0.00  0.00  0.00  0.00  0.00  0.00
2021 217   6  2.18  2.00  1.81  1.63  1.44  1.25  1.06  0.84  0.61  0.37  0.13  0.00  0.00  0.00  0.00  0.00  0.00  0.00  0.00  0.00
2021 217   7  1.03  1.06  1.07  1.07  1.05  1.01  0.95  0.86  0.74  0.60  0.44  0.26  0.00  0.00  0.00  0.00  0.00  0.00  0.00  0.00
2021 217   8  0.69  0.80  0.88  0.95  0.99  1.01  1.01  0.96  0.89  0.78  0.64  0.48  0.16  0.00  0.00  0.00  0.00  0.00  0.00  0.00
2021 217   9  2.32  2.27  2.18  2.08  1.95  1.81  1.69  1.53  1.35  1.14  0.91  0.66  0.31  0.00  0.00  0.00  0.00  0.00  0.00  0.00
2021 217  10  3.01  2.91  2.71  2.57  2.35  2.18  2.08  1.95  1.80  1.62  1.42  1.19  0.83  0.31  0.00  0.00  0.00  0.00  0.00  0.00
2021 217  11  7.07  6.55  5.89  5.36  4.75  4.22  3.87  3.49  3.13  2.76  2.39  2.00  1.45  0.79  0.30  0.00  0.00  0.00  0.00  0.00
2021 217  12  6.56  6.29  5.85  5.50  5.04  4.63  4.39  4.07  3.75  3.38  2.99  2.55  1.90  1.18  0.69  0.00  0.00  0.00  0.00  0.00
2021 217  13  4.84  4.82  4.64  4.53  4.29  4.10  4.02  3.87  3.71  3.49  3.25  2.95  2.36  1.60  1.10 -0.00  0.00  0.00  0.00  0.00
2021 217  14  5.88  5.83  5.57  5.40  5.09  4.82  4.71  4.49  4.26  3.97  3.65  3.26  2.62  1.87  1.37  0.00  0.00  0.00  0.00  0.00
2021 217  15  6.74  6.58  6.24  5.99  5.62  5.29  5.11  4.86  4.60  4.29  3.97  3.58  2.89  2.04  1.50  0.00  0.00  0.00  0.00  0.00
2021 217  16  5.17  5.07  4.87  4.71  4.46  4.23  4.10  3.88  3.66  3.41  3.14  2.82  2.28  1.63  1.20  0.00  0.00  0.00  0.00  0.00
2021 217  17  4.86  4.61  4.33  4.07  3.79  3.53  3.31  3.04  2.80  2.55  2.31  2.05  1.65  1.18  0.84  0.00 -0.00  0.00  0.00  0.00
2021 217  18  5.52  5.09  4.66  4.26  3.86  3.49  3.16  2.79  2.46  2.14  1.84  1.54  1.21  0.91  0.70  0.00  0.00  0.00  0.00  0.00
2021 217  19  3.79  3.67  3.53  3.38  3.19  3.00  2.80  2.52  2.24  1.93  1.62  1.29  0.94  0.68  0.47  0.00 -0.00  0.00  0.00  0.00
2021 217  20  2.97  2.91  2.81  2.70  2.57  2.42  2.26  2.04  1.80  1.55  1.29  1.00  0.71  0.48  0.27  0.00  0.00  0.00  0.00  0.00
2021 217  21  2.56  2.51  2.44  2.35  2.23  2.09  1.94  1.75  1.54  1.32  1.08  0.82  0.57  0.38  0.21  0.00  0.00  0.00  0.00  0.00
2021 217  22  2.75  2.61  2.44  2.26  2.06  1.85  1.63  1.39  1.14  0.88  0.60  0.31  0.09  0.02  0.00  0.00  0.00  0.00  0.00  0.00
2021 217  23  3.03  2.77  2.51  2.25  2.00  1.75  1.51  1.25  1.00  0.75  0.49  0.24  0.05  0.00  0.00  0.00  0.00  0.00  0.00  0.00
2021 218   0  1.29  1.28  1.25  1.20  1.13  1.05  0.94  0.81  0.67  0.51  0.34  0.17  0.00  0.00  0.00  0.00  0.00  0.00  0.00  0.00
2021 218   1  0.21  0.35  0.46  0.53  0.56  0.57  0.54  0.48  0.39  0.28  0.16  0.01  0.00  0.00  0.00  0.00  0.00  0.00  0.00  0.00
2021 218   2  0.00  0.21  0.41  0.54  0.61  0.62  0.59  0.50  0.37  0.21  0.02  0.00  0.00  0.00  0.00  0.00  0.00  0.00  0.00  0.00
2021 218   3  0.85  0.96  1.02  1.03  1.00  0.93  0.83  0.69  0.52  0.33  0.11  0.00  0.00  0.00  0.00  0.00  0.00  0.00  0.00  0.00
2021 218   4  0.65  0.75  0.81  0.83  0.81  0.77  0.68  0.57  0.43  0.27  0.08  0.00  0.00  0.00  0.00  0.00  0.00  0.00  0.00  0.00
2021 218   5  0.00  0.14  0.35  0.48  0.57  0.60  0.59  0.53  0.43  0.30  0.14  0.00  0.00  0.00  0.00  0.00  0.00  0.00  0.00  0.00
2021 218   6  1.00  1.02  1.00  0.96  0.90  0.82  0.71  0.59  0.44  0.29  0.12  0.00  0.00  0.00  0.00  0.00  0.00  0.00  0.00  0.00
2021 218   7  0.00  0.13  0.29  0.44  0.55  0.61  0.64  0.62  0.56  0.48  0.39  0.27  0.05  0.00  0.00  0.00  0.00  0.00  0.00  0.00
2021 218   8  0.00  0.00  0.13  0.35  0.49  0.59  0.66  0.67  0.62  0.55  0.47  0.35  0.14  0.00  0.00  0.00  0.00  0.00  0.00  0.00
2021 218   9  2.16  2.18  2.08  2.00  1.83  1.67  1.55  1.36  1.13  0.93  0.74  0.52  0.23  0.00  0.00  0.00  0.00  0.00  0.00  0.00
2021 218  10  4.97  4.62  4.15  3.76  3.30  2.89  2.59  2.22  1.82  1.50  1.26  0.98  0.60  0.23  0.00  0.00  0.00  0.00  0.00  0.00
2021 218  11  3.74  3.58  3.36  3.16  2.92  2.69  2.53  2.30  2.02  1.83  1.75  1.66  1.26  0.67  0.31  0.00  0.00  0.00  0.00  0.00
2021 218  12  7.66  7.16  6.46  5.91  5.23  4.64  4.25  3.74  3.17  2.77  2.49  2.17  1.64  1.05  0.67  0.00  0.00  0.00  0.00  0.00
2021 218  13  6.73  6.48  6.01  5.66  5.14  4.69  4.43  4.02  3.50  3.17  2.97  2.72  2.11  1.37  0.91  0.00 -0.00  0.00  0.00  0.00
2021 218  14  6.74  6.67  6.15  5.76  5.19  4.70  4.40  3.95  3.39  3.01  2.74  2.40  1.82  1.22  0.83  0.00 -0.00  0.00  0.00  0.00
2021 218  15  6.58  6.28  5.80  5.44  4.93  4.50  4.26  3.89  3.43  3.15  3.02  2.85  2.29  1.53  1.06  0.00  0.00 -0.00  0.00  0.00
2021 218  16  5.45  5.22  4.85  4.57  4.18  3.84  3.65  3.35  2.96  2.73  2.63  2.51  2.04  1.35  0.92  0.00  0.00 -0.00  0.00  0.00
2021 218  17  3.81  3.74  3.56  3.41  3.16  2.91  2.72  2.44  2.09  1.81  1.60  1.35  0.97  0.63  0.43 -0.00  0.00  0.00  0.00  0.00
2021 218  18  1.95  1.80  1.75  1.79  1.79  1.77  1.75  1.66  1.50  1.40  1.36  1.30  0.98  0.49  0.17  0.00  0.00  0.00  0.00  0.00
2021 218  19  1.07  1.21  1.36  1.53  1.60  1.62  1.62  1.52  1.31  1.13  0.97  0.77  0.35  0.00  0.00  0.00  0.00  0.00  0.00  0.00
2021 218  20  2.43  2.36  2.22  2.08  1.89  1.69  1.53  1.29  1.00  0.76  0.56  0.32  0.00  0.00  0.00  0.00  0.00  0.00  0.00  0.00
2021 218  21  1.88  1.70  1.50  1.43  1.39  1.32  1.25  1.12  0.95  0.81  0.72  0.62  0.25  0.00  0.00  0.00  0.00  0.00  0.00  0.00
2021 218  22  2.04  1.92  1.77  1.60  1.41  1.20  0.98  0.72  0.43  0.15  0.00  0.00  0.00  0.00  0.00  0.00  0.00  0.00  0.00  0.00
2021 218  23  2.81  2.48  2.14  1.81  1.49  1.17  0.86  0.53  0.20  0.00  0.00  0.00  0.00  0.00  0.00  0.00  0.00  0.00  0.00  0.00
2021 219   0  2.92  2.52  2.13  1.77  1.42  1.08  0.75  0.42  0.10  0.00  0.00  0.00  0.00  0.00  0.00  0.00  0.00  0.00  0.00  0.00
2021 219   1  3.47  2.94  2.44  1.97  1.52  1.11  0.70  0.30  0.00  0.00  0.00  0.00  0.00  0.00  0.00  0.00  0.00  0.00  0.00  0.00
2021 219   2  3.40  2.89  2.40  1.95  1.52  1.12  0.75  0.39  0.05  0.00  0.00  0.00  0.00  0.00  0.00  0.00  0.00  0.00  0.00  0.00
2021 219   3  2.89  2.47  2.07  1.68  1.31  0.96  0.63  0.30  0.00  0.00  0.00  0.00  0.00  0.00  0.00  0.00  0.00  0.00  0.00  0.00
2021 219   4  2.10  1.86  1.61  1.35  1.07  0.79  0.48  0.16  0.00  0.00  0.00  0.00  0.00  0.00  0.00  0.00  0.00  0.00  0.00  0.00
2021 219   5  1.93  1.69  1.46  1.22  0.99  0.75  0.50  0.23  0.00  0.00  0.00  0.00  0.00  0.00  0.00  0.00  0.00  0.00  0.00  0.00
2021 219   6  1.70  1.51  1.33  1.14  0.95  0.75  0.55  0.32  0.08  0.00  0.00  0.00  0.00  0.00  0.00  0.00  0.00  0.00  0.00  0.00
2021 219   7  2.55  2.19  1.84  1.52  1.22  0.94  0.67  0.39  0.13  0.00  0.00  0.00  0.00  0.00  0.00  0.00  0.00  0.00  0.00  0.00
2021 219   8  2.91  2.54  2.18  1.84  1.50  1.19  0.91  0.60  0.30  0.01  0.00  0.00  0.00  0.00  0.00  0.00  0.00  0.00  0.00  0.00
2021 219   9  1.99  1.91  1.78  1.64  1.46  1.27  1.10  0.86  0.57  0.30  0.05  0.00  0.00  0.00  0.00  0.00  0.00  0.00  0.00  0.00
2021 219  10  1.79  1.89  1.91  1.91  1.83  1.70  1.56  1.31  0.97  0.64  0.33  0.00  0.00  0.00  0.00  0.00  0.00  0.00  0.00  0.00
2021 219  11  1.54  1.66  1.71  1.76  1.72  1.66  1.59  1.42  1.16  0.92  0.70  0.43  0.00  0.00  0.00  0.00  0.00  0.00  0.00  0.00
2021 219  12  0.94  1.08  1.20  1.34  1.40  1.41  1.42  1.31  1.10  0.91  0.73  0.50  0.11  0.00  0.00  0.00  0.00  0.00  0.00  0.00
2021 219  13  1.72  1.78  1.79  1.84  1.81  1.78  1.77  1.66  1.46  1.30  1.16  0.97  0.61  0.16  0.00  0.00  0.00  0.00  0.00  0.00
2021 219  14  2.43  2.48  2.45  2.48  2.41  2.36  2.38  2.29  2.10  1.97  1.90  1.79  1.39  0.78  0.30  0.00  0.00  0.00  0.00  0.00
2021 219  15  2.88  2.89  2.80  2.75  2.62  2.51  2.47  2.33  2.12  1.99  1.94  1.85  1.51  0.97  0.55  0.00  0.00  0.00  0.00  0.00
2021 219  16  3.38  3.38  3.27  3.22  3.05  2.88  2.79  2.56  2.23  1.97  1.75  1.48  1.06  0.64  0.32  0.00  0.00  0.00  0.00  0.00
2021 219  17  2.34  2.39  2.36  2.45  2.47  2.48  2.53  2.44  2.22  2.05  1.94  1.76  1.30  0.68  0.25  0.00  0.00  0.00  0.00  0.00
2021 219  18  3.14  3.15  3.05  3.00  2.84  2.71  2.69  2.54  2.31  2.19  2.18  2.14  1.69  0.93  0.41  0.00  0.00  0.00  0.00  0.00
2021 219  19  3.72  3.56  3.28  3.08  2.79  2.55  2.42  2.18  1.89  1.71  1.61  1.48  1.11  0.56  0.16 -0.00  0.00  0.00  0.00  0.00
2021 219  20  3.28  3.10  2.79  2.56  2.24  1.98  1.81  1.56  1.26  1.04  0.87  0.67  0.34  0.00  0.00  0.00  0.00  0.00  0.00  0.00
2021 219  21  3.76  3.32  2.85  2.44  2.02  1.65  1.36  1.05  0.73  0.49  0.31  0.13  0.00  0.00  0.00  0.00  0.00  0.00  0.00  0.00
2021 219  22  3.02  2.57  2.13  1.75  1.38  1.06  0.79  0.53  0.29  0.10  0.00  0.00  0.00  0.00  0.00  0.00  0.00  0.00  0.00  0.00
2021 219  23  0.65  0.60  0.54  0.48  0.40  0.32  0.23  0.11  0.00  0.00  0.00  0.00  0.00  0.00  0.00  0.00  0.00  0.00  0.00  0.00
2021 220   0  2.02  1.57  1.17  0.81  0.50  0.24  0.01  0.00  0.00  0.00  0.00  0.00  0.00  0.00  0.00  0.00  0.00  0.00  0.00  0.00
2021 220   1  0.44  0.29  0.16  0.04  0.00  0.00  0.00  0.00  0.00  0.00  0.00  0.00  0.00  0.00  0.00  0.00  0.00  0.00  0.00  0.00
2021 220   2  0.00  0.00  0.00  0.00  0.00  0.00  0.00  0.00  0.00  0.00  0.00  0.00  0.00  0.00  0.00  0.00  0.00  0.00  0.00  0.00
2021 220   3  0.55  0.43  0.33  0.23  0.15  0.06  0.00  0.00  0.00  0.00  0.00  0.00  0.00  0.00  0.00  0.00  0.00  0.00  0.00  0.00
2021 220   4  0.43  0.36  0.30  0.23  0.16  0.10  0.03  0.00  0.00  0.00  0.00  0.00  0.00  0.00  0.00  0.00  0.00  0.00  0.00  0.00
2021 220   5  0.15  0.12  0.08  0.05  0.01  0.00  0.00  0.00  0.00  0.00  0.00  0.00  0.00  0.00  0.00  0.00  0.00  0.00  0.00  0.00
2021 220   6  0.17  0.13  0.09  0.05  0.02  0.00  0.00  0.00  0.00  0.00  0.00  0.00  0.00  0.00  0.00  0.00  0.00  0.00  0.00  0.00
2021 220   7  0.14  0.10  0.07  0.03  0.00  0.00  0.00  0.00  0.00  0.00  0.00  0.00  0.00  0.00  0.00  0.00  0.00  0.00  0.00  0.00
2021 220   8  0.12  0.08  0.05  0.01  0.01  0.05  0.10  0.09  0.04  0.00  0.00  0.00  0.00  0.00  0.00  0.00  0.00  0.00  0.00  0.00
2021 220   9  0.12  0.09  0.05  0.01  0.08  0.17  0.26  0.29  0.26  0.21  0.17  0.10  0.00  0.00  0.00  0.00  0.00  0.00  0.00  0.00
2021 220  10  0.10  0.15  0.24  0.33  0.40  0.48  0.54  0.54  0.49  0.44  0.42  0.37  0.13  0.00  0.00  0.00  0.00  0.00  0.00  0.00
2021 220  11  0.61  0.72  0.80  0.92  1.00  1.05  1.12  1.12  1.05  1.01  1.02  1.00  0.72  0.23  0.00  0.00  0.00  0.00  0.00  0.00
2021 220  12  0.78  0.94  1.06  1.20  1.29  1.44  1.60  1.65  1.59  1.56  1.58  1.56  1.16  0.51  0.11 -0.00  0.00  0.00  0.00  0.00
2021 220  13  1.30  1.48  1.60  1.73  1.80  1.93  2.17  2.26  2.19  2.16  2.20  2.16  1.70  0.90  0.35  0.00  0.00  0.00  0.00  0.00
2021 220  14  4.31  4.30  4.11  4.02  3.83  3.77  3.86  3.74  3.44  3.24  3.14  2.94  2.25  1.29  0.64  0.00  0.00  0.00  0.00  0.00
2021 220  15  3.18  3.29  3.26  3.30  3.26  3.32  3.53  3.53  3.32  3.21  3.20  3.10  2.43  1.40  0.73  0.00  0.00  0.00  0.00  0.00
2021 220  16  3.67  3.80  3.70  3.63  3.49  3.44  3.55  3.46  3.17  2.98  2.89  2.70  2.09  1.29  0.79  0.00  0.00  0.00  0.00  0.00
2021 220  17  0.86  1.20  1.49  1.71  1.80  1.92  2.15  2.24  2.16  2.12  2.16  2.12  1.61  0.82  0.35  0.00  0.00  0.00  0.00  0.00
2021 220  18  3.40  3.42  3.22  3.12  2.93  2.82  2.82  2.66  2.35  2.12  1.96  1.73  1.14  0.41  0.00  0.00  0.00  0.00  0.00  0.00
2021 220  19  0.30  0.18  0.18  0.38  0.56  0.75  0.98  1.11  1.13  1.16  1.25  1.29  0.93  0.25  0.00  0.00  0.00  0.00  0.00  0.00
2021 220  20  0.20  0.11  0.02  0.01  0.16  0.29  0.48  0.66  0.74  0.78  0.83  0.83  0.51  0.00  0.00  0.00  0.00  0.00  0.00  0.00
2021 220  21  1.11  1.07  0.99  0.96  0.89  0.86  0.87  0.80  0.63  0.44  0.25  0.01  0.00  0.00  0.00  0.00  0.00  0.00  0.00  0.00
2021 220  22  0.51  0.49  0.46  0.44  0.42  0.40  0.37  0.28  0.14  0.00  0.00  0.00  0.00  0.00  0.00  0.00  0.00  0.00  0.00  0.00
2021 220  23  0.38  0.35  0.31  0.28  0.25  0.21  0.16  0.10  0.00  0.00  0.00  0.00  0.00  0.00  0.00  0.00  0.00  0.00  0.00  0.00
2021 221   0  0.41  0.35  0.29  0.24  0.18  0.12  0.06  0.00  0.00  0.00  0.00  0.00  0.00  0.00  0.00  0.00  0.00  0.00  0.00  0.00
2021 221   1  0.08  0.04  0.01  0.00  0.00  0.00  0.00  0.00  0.00  0.00  0.00  0.00  0.00  0.00  0.00  0.00  0.00  0.00  0.00  0.00
2021 221   2  0.00  0.00  0.00  0.00  0.00  0.00  0.00  0.00  0.00  0.00  0.00  0.00  0.00  0.00  0.00  0.00  0.00  0.00  0.00  0.00
2021 221   3  0.21  0.15  0.09  0.03  0.00  0.00  0.00  0.00  0.00  0.00  0.00  0.00  0.00  0.00  0.00  0.00  0.00  0.00  0.00  0.00
2021 221   4  0.07  0.03  0.01  0.00  0.00  0.00  0.00  0.00  0.00  0.00  0.00  0.00  0.00  0.00  0.00  0.00  0.00  0.00  0.00  0.00
2021 221   5  0.00  0.00  0.00  0.00  0.00  0.00  0.00  0.00  0.00  0.00  0.00  0.00  0.00  0.00  0.00  0.00  0.00  0.00  0.00  0.00
2021 221   6  0.00  0.00  0.00  0.00  0.00  0.00  0.00  0.00  0.00  0.00  0.00  0.00  0.00  0.00  0.00  0.00  0.00  0.00  0.00  0.00
2021 221   7  0.58  0.48  0.37  0.25  0.10  0.00  0.00  0.00  0.00  0.00  0.00  0.00  0.00  0.00  0.00  0.00  0.00  0.00  0.00  0.00
2021 221   8  1.52  1.42  1.26  1.12  0.91  0.69  0.48  0.20  0.00  0.00  0.00  0.00  0.00  0.00  0.00  0.00  0.00  0.00  0.00  0.00
2021 221   9  1.41  1.39  1.30  1.23  1.09  0.93  0.82  0.62  0.36  0.17  0.00  0.00  0.00  0.00  0.00  0.00  0.00  0.00  0.00  0.00
2021 221  10  3.60  3.34  2.96  2.68  2.30  1.93  1.69  1.34  0.95  0.71  0.53  0.26  0.00  0.00  0.00  0.00  0.00  0.00  0.00  0.00
2021 221  11  5.16  4.81  4.31  3.90  3.36  2.82  2.44  1.92  1.32  0.94  0.65  0.25  0.00  0.00  0.00  0.00  0.00  0.00  0.00  0.00
2021 221  12  6.42  5.97  5.36  4.86  4.20  3.54  3.10  2.49  1.79  1.36  1.05  0.61  0.00  0.00  0.00  0.00  0.00  0.00  0.00  0.00
2021 221  13  7.01  6.57  5.93  5.43  4.75  4.06  3.61  3.00  2.29  1.89  1.63  1.21  0.47  0.00  0.00  0.00  0.00  0.00  0.00  0.00
2021 221  14  5.89  5.74  5.34  5.06  4.57  4.05  3.77  3.28  2.66  2.37  2.20  1.84  1.09  0.14  0.00  0.00  0.00  0.00  0.00  0.00
2021 221  15  5.24  5.26  5.03  4.90  4.52  4.10  3.90  3.47  2.88  2.62  2.47  2.11  1.33  0.34  0.00  0.00  0.00  0.00  0.00  0.00
2021 221  16  2.14  2.29  2.38  2.52  2.51  2.41  2.40  2.20  1.86  1.70  1.63  1.41  0.84  0.05  0.00  0.00  0.00  0.00  0.00  0.00
2021 221  17  2.84  2.94  2.91  2.90  2.74  2.52  2.40  2.11  1.70  1.48  1.33  1.04  0.49  0.00  0.00  0.00  0.00  0.00  0.00  0.00
2021 221  18  3.92  3.80  3.54  3.34  2.98  2.57  2.26  1.80  1.23  0.80  0.39  0.00  0.00  0.00  0.00  0.00  0.00  0.00  0.00  0.00
2021 221  19  2.29  2.39  2.38  2.37  2.22  2.01  1.83  1.49  1.07  0.75  0.47  0.09  0.00  0.00  0.00  0.00  0.00  0.00  0.00  0.00
2021 221  20  2.35  2.28  2.26  2.20  2.07  1.88  1.64  1.31  0.92  0.60  0.33  0.00  0.00  0.00  0.00  0.00  0.00  0.00  0.00  0.00
2021 221  21  3.83  3.61  3.29  2.97  2.56  2.06  1.57  1.02  0.43  0.00  0.00  0.00  0.00  0.00  0.00  0.00  0.00  0.00  0.00  0.00
2021 221  22  2.22  2.34  2.36  2.28  2.10  1.76  1.37  0.90  0.37  0.00  0.00  0.00  0.00  0.00  0.00  0.00  0.00  0.00  0.00  0.00
2021 221  23  3.90  3.59  3.22  2.80  2.28  1.69  1.08  0.43  0.00  0.00  0.00  0.00  0.00  0.00  0.00  0.00  0.00  0.00  0.00  0.00
2021 222   0  3.51  3.22  2.86  2.44  1.98  1.38  0.74  0.07  0.00  0.00  0.00  0.00  0.00  0.00  0.00  0.00  0.00  0.00  0.00  0.00
2021 222   1  3.63  3.36  3.02  2.61  2.13  1.59  0.91  0.19  0.00  0.00  0.00  0.00  0.00  0.00  0.00  0.00  0.00  0.00  0.00  0.00
2021 222   2  5.03  4.58  4.11  3.54  2.84  2.12  1.31  0.46  0.00  0.00  0.00  0.00  0.00  0.00  0.00  0.00  0.00  0.00  0.00  0.00
2021 222   3  2.02  2.19  2.24  2.05  1.75  1.35  0.83  0.18  0.00  0.00  0.00  0.00  0.00  0.00  0.00  0.00  0.00  0.00  0.00  0.00
2021 222   4  3.45  3.31  3.06  2.65  2.18  1.67  1.06  0.38  0.00  0.00  0.00  0.00  0.00  0.00  0.00  0.00  0.00  0.00  0.00  0.00
2021 222   5  5.06  4.43  3.82  3.21  2.62  1.95  1.29  0.66  0.01  0.00  0.00  0.00  0.00  0.00  0.00  0.00  0.00  0.00  0.00  0.00
2021 222   6  4.44  4.01  3.50  2.96  2.41  1.84  1.25  0.65  0.02  0.00  0.00  0.00  0.00  0.00  0.00  0.00  0.00  0.00  0.00  0.00
2021 222   7  4.50  4.30  3.92  3.43  2.87  2.26  1.58  0.84  0.03  0.00  0.00  0.00  0.00  0.00  0.00  0.00  0.00  0.00  0.00  0.00
2021 222   8  3.83  3.57  3.24  2.85  2.51  2.09  1.64  1.13  0.55  0.00  0.00  0.00  0.00  0.00  0.00  0.00  0.00  0.00  0.00  0.00
2021 222   9  3.47  3.23  3.10  2.94  2.70  2.40  2.09  1.73  1.27  0.87  0.51  0.08  0.00  0.00  0.00  0.00  0.00  0.00  0.00  0.00
2021 222  10  5.30  5.08  4.72  4.36  3.87  3.34  2.88  2.34  1.71  1.16  0.65  0.06  0.00  0.00  0.00  0.00  0.00  0.00  0.00  0.00
2021 222  11  3.14  3.30  3.33  3.30  3.14  2.91  2.70  2.40  2.00  1.67  1.39  1.02  0.31  0.00  0.00  0.00  0.00  0.00  0.00  0.00
2021 222  12  3.36  3.54  3.56  3.57  3.43  3.23  3.09  2.86  2.52  2.29  2.10  1.81  1.22  0.32  0.00  0.00  0.00  0.00  0.00  0.00
2021 222  13  5.57  5.51  5.25  5.04  4.66  4.24  3.96  3.57  3.08  2.74  2.44  2.04  1.43  0.72  0.00  0.00  0.00  0.00  0.00  0.00
2021 222  14  4.89  4.98  4.81  4.66  4.35  4.00  3.77  3.43  2.99  2.69  2.43  2.05  1.56  1.06  0.36  0.00  0.00  0.00  0.00  0.00
2021 222  15  2.42  2.84  3.09  3.28  3.33  3.30  3.31  3.21  2.99  2.89  2.84  2.68  2.26  1.63  0.81  0.00  0.00  0.00  0.00  0.00
2021 222  16  3.68  3.72  3.68  3.64  3.52  3.37  3.28  3.13  2.90  2.81  2.80  2.71  2.36  1.79  1.06  0.00  0.00  0.00  0.00  0.00
2021 222  17  2.74  3.01  3.17  3.37  3.37  3.30  3.33  3.23  3.02  2.95  2.95  2.82  2.38  1.71  0.98 -0.00  0.00  0.00  0.00  0.00
2021 222  18  2.85  2.96  2.97  3.01  2.93  2.77  2.69  2.52  2.27  2.13  2.01  1.82  1.51  1.24  0.85  0.00  0.00  0.00  0.00  0.00
2021 222  19  4.49  4.29  4.03  3.74  3.39  3.04  2.79  2.49  2.15  1.91  1.72  1.48  1.16  0.89  0.55  0.00  0.00  0.00  0.00  0.00
2021 222  20  3.02  2.91  2.75  2.57  2.37  2.15  1.96  1.75  1.51  1.31  1.14  0.94  0.70  0.55  0.32  0.00  0.00  0.00  0.00  0.00
2021 222  21  0.88  0.93  0.98  1.12  1.23  1.30  1.35  1.31  1.22  1.15  1.10  1.01  0.78  0.48  0.17  0.00  0.00  0.00  0.00  0.00
2021 222  22  1.72  1.68  1.62  1.55  1.47  1.38  1.27  1.09  0.88  0.68  0.47  0.24  0.03  0.00  0.00  0.00  0.00  0.00  0.00  0.00
2021 222  23  2.15  2.02  1.88  1.74  1.60  1.45  1.30  1.08  0.87  0.65  0.43  0.20  0.02  0.00  0.00  0.00  0.00  0.00  0.00  0.00
2021 223   0  2.43  2.21  2.00  1.80  1.61  1.42  1.22  0.98  0.75  0.52  0.29  0.08  0.00  0.00  0.00  0.00  0.00  0.00  0.00  0.00
2021 223   1  1.66  1.63  1.59  1.53  1.47  1.39  1.27  1.09  0.90  0.69  0.46  0.22  0.03  0.00  0.00  0.00  0.00  0.00  0.00  0.00
2021 223   2  2.25  2.15  2.04  1.92  1.78  1.63  1.45  1.24  1.00  0.76  0.50  0.23  0.01  0.00  0.00  0.00  0.00  0.00  0.00  0.00
2021 223   3  1.58  1.63  1.65  1.64  1.60  1.53  1.43  1.27  1.09  0.88  0.65  0.40  0.20  0.09  0.00  0.00  0.00  0.00  0.00  0.00
2021 223   4  0.30  0.46  0.68  0.89  1.04  1.13  1.16  1.12  1.02  0.88  0.70  0.49  0.28  0.15  0.01  0.00  0.00  0.00  0.00  0.00
2021 223   5  0.36  0.50  0.61  0.69  0.74  0.76  0.75  0.71  0.63  0.52  0.39  0.24  0.10  0.02  0.00  0.00  0.00  0.00  0.00  0.00
2021 223   6  0.00  0.00  0.11  0.28  0.42  0.52  0.57  0.58  0.54  0.46  0.35  0.21  0.08  0.01  0.00  0.00  0.00  0.00  0.00  0.00
2021 223   7  0.03  0.14  0.25  0.34  0.40  0.45  0.47  0.46  0.42  0.35  0.27  0.16  0.06  0.00  0.00  0.00  0.00  0.00  0.00  0.00
2021 223   8  0.87  0.93  0.95  0.95  0.92  0.88  0.83  0.75  0.65  0.54  0.43  0.29  0.16  0.08  0.00  0.00  0.00  0.00  0.00  0.00
2021 223   9  0.50  0.65  0.76  0.88  0.94  0.97  1.01  0.99  0.92  0.87  0.82  0.72  0.56  0.40  0.21  0.00  0.00  0.00  0.00  0.00
2021 223  10  2.49  2.44  2.29  2.23  2.06  1.89  1.81  1.65  1.43  1.29  1.15  0.93  0.68  0.50  0.28 -0.00  0.00  0.00  0.00  0.00
2021 223  11  0.94  1.06  1.17  1.37  1.52  1.62  1.75  1.78  1.71  1.72  1.76  1.70  1.43  1.03  0.61  0.00  0.00  0.00  0.00  0.00
2021 223  12  2.11  2.14  2.10  2.17  2.17  2.13  2.18  2.12  1.96  1.93  1.92  1.81  1.51  1.13  0.70  0.00  0.00  0.00  0.00  0.00
2021 223  13  5.05  5.15  4.92  4.69  4.30  3.91  3.76  3.43  2.97  2.75  2.57  2.21  1.73  1.35  0.87  0.00  0.00  0.00  0.00  0.00
2021 223  14  4.01  4.12  4.07  4.13  3.98  3.79  3.80  3.65  3.34  3.32  3.42  3.34  2.77  1.88  1.00  0.00 -0.00  0.00  0.00  0.00
2021 223  15  5.73  5.85  5.57  5.42  5.04  4.63  4.50  4.16  3.69  3.53  3.46  3.20  2.59  1.85  1.08  0.00  0.00  0.00  0.00  0.00
2021 223  16  5.14  5.10  4.88  4.83  4.56  4.25  4.17  3.91  3.50  3.37  3.32  3.09  2.56  1.91  1.15  0.00  0.00  0.00  0.00  0.00
2021 223  17  1.47  1.68  1.87  2.10  2.23  2.29  2.40  2.38  2.27  2.26  2.30  2.23  1.93  1.46  0.87  0.00 -0.00  0.00  0.00  0.00
2021 223  18  0.57  0.74  0.93  1.15  1.39  1.63  1.86  1.97  1.95  2.01  2.12  2.12  1.79  1.23  0.63  0.00  0.00  0.00  0.00  0.00
2021 223  19  3.01  2.93  2.78  2.74  2.60  2.44  2.36  2.17  1.90  1.73  1.57  1.32  0.96  0.61  0.20  0.00  0.00  0.00  0.00  0.00
2021 223  20  1.59  1.63  1.64  1.68  1.66  1.60  1.58  1.47  1.31  1.19  1.07  0.89  0.63  0.34  0.01  0.00  0.00  0.00  0.00  0.00
2021 223  21  0.97  0.90  0.81  0.77  0.72  0.73  0.81  0.84  0.80  0.74  0.65  0.50  0.28  0.06  0.00  0.00  0.00  0.00  0.00  0.00
2021 223  22  0.00  0.00  0.02  0.12  0.23  0.33  0.43  0.47  0.46  0.44  0.39  0.30  0.13  0.00  0.00  0.00  0.00  0.00  0.00  0.00
2021 223  23  0.00  0.00  0.00  0.00  0.00  0.00  0.00  0.04  0.07  0.08  0.08  0.05  0.00  0.00  0.00  0.00  0.00  0.00  0.00  0.00
2021 224   0  0.00  0.00  0.00  0.00  0.00  0.00  0.00  0.00  0.00  0.00  0.00  0.00  0.00  0.00  0.00  0.00  0.00  0.00  0.00  0.00
2021 224   1  0.00  0.00  0.02  0.03  0.02  0.00  0.00  0.00  0.00  0.00  0.00  0.00  0.00  0.00  0.00  0.00  0.00  0.00  0.00  0.00
2021 224   2  0.80  0.68  0.56  0.44  0.32  0.19  0.05  0.00  0.00  0.00  0.00  0.00  0.00  0.00  0.00  0.00  0.00  0.00  0.00  0.00
2021 224   3  0.50  0.43  0.35  0.26  0.17  0.07  0.00  0.00  0.00  0.00  0.00  0.00  0.00  0.00  0.00  0.00  0.00  0.00  0.00  0.00
2021 224   4  0.39  0.31  0.23  0.14  0.05  0.00  0.00  0.00  0.00  0.00  0.00  0.00  0.00  0.00  0.00  0.00  0.00  0.00  0.00  0.00
2021 224   5  0.58  0.54  0.49  0.44  0.36  0.27  0.16  0.01  0.00  0.00  0.00  0.00  0.00  0.00  0.00  0.00  0.00  0.00  0.00  0.00
2021 224   6  0.20  0.18  0.16  0.13  0.08  0.02  0.00  0.00  0.00  0.00  0.00  0.00  0.00  0.00  0.00  0.00  0.00  0.00  0.00  0.00
2021 224   7  1.11  1.01  0.89  0.77  0.62  0.45  0.27  0.05  0.00  0.00  0.00  0.00  0.00  0.00  0.00  0.00  0.00  0.00  0.00  0.00
2021 224   8  1.32  1.28  1.21  1.12  0.99  0.83  0.66  0.43  0.16  0.00  0.00  0.00  0.00  0.00  0.00  0.00  0.00  0.00  0.00  0.00
2021 224   9  0.34  0.47  0.58  0.66  0.71  0.72  0.73  0.67  0.56  0.49  0.44  0.34  0.02  0.00  0.00  0.00  0.00  0.00  0.00  0.00
2021 224  10  1.29  1.33  1.32  1.40  1.42  1.41  1.43  1.34  1.18  1.11  1.05  0.90  0.52  0.00  0.00  0.00  0.00  0.00  0.00  0.00
2021 224  11  3.59  3.56  3.38  3.29  3.05  2.78  2.63  2.35  2.03  1.86  1.73  1.48  0.98  0.22  0.00  0.00  0.00  0.00  0.00  0.00
2021 224  12  4.34  4.32  4.14  4.05  3.79  3.49  3.34  3.03  2.66  2.49  2.39  2.14  1.55  0.61  0.00  0.00  0.00  0.00  0.00  0.00
2021 224  13  3.23  3.37  3.36  3.40  3.29  3.13  3.09  2.90  2.65  2.60  2.62  2.51  1.98  0.95  0.00  0.00  0.00  0.00  0.00  0.00
2021 224  14  2.37  2.62  2.76  2.94  2.98  2.96  3.02  2.94  2.78  2.81  2.94  2.92  2.43  1.33  0.00  0.00  0.00  0.00  0.00  0.00
2021 224  15  3.73  3.83  3.78  3.80  3.68  3.52  3.49  3.33  3.10  3.12  3.25  3.24  2.75  1.64  0.15  0.00  0.00  0.00  0.00  0.00
2021 224  16  4.19  4.22  4.11  4.07  3.89  3.68  3.61  3.40  3.14  3.11  3.20  3.14  2.67  1.67  0.26  0.00  0.00  0.00  0.00  0.00
2021 224  17  5.22  5.03  4.70  4.46  4.12  3.77  3.56  3.23  2.89  2.76  2.72  2.59  2.12  1.24  0.05  0.00  0.00  0.00  0.00  0.00
2021 224  18  5.64  5.38  4.96  4.65  4.23  3.79  3.47  3.09  2.69  2.47  2.33  2.09  1.65  0.99  0.00  0.00  0.00  0.00  0.00  0.00
2021 224  19  6.14  5.74  5.24  4.83  4.35  3.87  3.49  3.05  2.61  2.38  2.25  2.04  1.58  0.80  0.00  0.00  0.00  0.00  0.00  0.00
2021 224  20  4.08  3.86  3.59  3.36  3.08  2.79  2.55  2.23  1.90  1.69  1.55  1.35  0.96  0.32  0.00  0.00  0.00  0.00  0.00  0.00
2021 224  21  4.21  3.85  3.46  3.12  2.76  2.42  2.08  1.73  1.38  1.13  0.94  0.72  0.38  0.00  0.00  0.00  0.00  0.00  0.00  0.00
2021 224  22  3.93  3.53  3.14  2.77  2.41  2.06  1.68  1.29  0.91  0.57  0.26  0.00  0.00  0.00  0.00  0.00  0.00  0.00  0.00  0.00
2021 224  23  3.70  3.32  2.94  2.58  2.23  1.89  1.54  1.16  0.79  0.44  0.10  0.00  0.00  0.00  0.00  0.00  0.00  0.00  0.00  0.00
2021 225   0  4.64  4.02  3.45  2.92  2.43  1.97  1.53  1.07  0.66  0.28  0.00  0.00  0.00  0.00  0.00  0.00  0.00  0.00  0.00  0.00
2021 225   1  3.10  2.74  2.40  2.06  1.74  1.42  1.10  0.73  0.37  0.02  0.00  0.00  0.00  0.00  0.00  0.00  0.00  0.00  0.00  0.00
2021 225   2  3.00  2.68  2.37  2.05  1.75  1.45  1.11  0.74  0.37  0.00  0.00  0.00  0.00  0.00  0.00  0.00  0.00  0.00  0.00  0.00
2021 225   3  3.02  2.72  2.41  2.11  1.80  1.50  1.17  0.78  0.39  0.00  0.00  0.00  0.00  0.00  0.00  0.00  0.00  0.00  0.00  0.00
2021 225   4  1.50  1.53  1.52  1.47  1.36  1.22  1.01  0.71  0.37  0.00  0.00  0.00  0.00  0.00  0.00  0.00  0.00  0.00  0.00  0.00
2021 225   5  2.59  2.46  2.29  2.10  1.88  1.63  1.29  0.91  0.51  0.10  0.00  0.00  0.00  0.00  0.00  0.00  0.00  0.00  0.00  0.00
2021 225   6  0.93  1.05  1.13  1.17  1.16  1.11  0.97  0.75  0.48  0.18  0.00  0.00  0.00  0.00  0.00  0.00  0.00  0.00  0.00  0.00
2021 225   7  0.16  0.37  0.61  0.82  0.97  0.98  0.89  0.72  0.47  0.17  0.00  0.00  0.00  0.00  0.00  0.00  0.00  0.00  0.00  0.00
2021 225   8  3.32  3.20  2.98  2.73  2.42  2.08  1.74  1.36  0.94  0.54  0.11  0.00  0.00  0.00  0.00  0.00  0.00  0.00  0.00  0.00
2021 225   9  4.79  4.60  4.29  3.95  3.54  3.11  2.73  2.30  1.85  1.47  1.09  0.66  0.10  0.00  0.00  0.00  0.00  0.00  0.00  0.00
2021 225  10  4.61  4.74  4.66  4.56  4.29  3.94  3.66  3.27  2.81  2.45  2.10  1.63  0.96  0.14  0.00  0.00  0.00  0.00  0.00  0.00
2021 225  11  6.31  6.28  6.04  5.86  5.50  5.02  4.66  4.18  3.64  3.26  2.92  2.43  1.72  0.87  0.00  0.00  0.00  0.00  0.00  0.00
2021 225  12  7.10  7.07  6.78  6.59  6.19  5.68  5.31  4.81  4.25  3.88  3.53  3.02  2.39  1.77  0.85  0.00  0.00  0.00  0.00  0.00
2021 225  13  7.45  7.25  6.87  6.54  6.01  5.47  5.07  4.60  4.11  3.79  3.52  3.14  2.58  1.91  1.01  0.00  0.00  0.00  0.00  0.00
2021 225  14  8.43  8.11  7.66  7.26  6.74  6.18  5.65  5.05  4.44  3.96  3.52  2.99  2.41  1.90  1.15  0.00  0.00  0.00  0.00  0.00
2021 225  15  9.27  8.96  8.48  8.05  7.49  6.91  6.42  5.81  5.16  4.66  4.19  3.62  2.99  2.44  1.64  0.00 -0.00  0.00  0.00  0.00
2021 225  16  9.29  9.37  9.22  9.08  8.77  8.39  8.07  7.63  7.13  8.72  8.32  7.80  7.21  6.68  5.94  0.00 -0.00  0.00  0.00  0.00
2021 225  17 11.25 10.84 10.34  9.87  9.33  8.78  8.28  7.69  7.09  8.58  8.10  7.55  6.99  6.49  5.80  0.00  0.00  0.00  0.00  0.00
2021 225  18 11.97 11.40 10.75 10.16  9.51  8.86  8.29  7.64  7.00  8.45  7.95  7.39  6.81  6.31  5.69  0.00  0.00  0.00  0.00 -0.00
2021 225  19  9.10  8.93  8.68  8.42  8.08  7.71  7.34  6.91  6.45  8.03  7.59  7.11  6.63  6.24  5.75  0.00  0.00  0.00  0.00  0.00
2021 225  20 10.50  9.97  9.42  8.89  8.34  7.80  7.28  6.73  6.19  7.69  7.20  6.69  6.25  5.98  5.63  0.00  0.00  0.00  0.00  0.00
2021 225  21 11.44 10.81 10.15  9.51  8.86  8.23  7.62  7.00  6.39  7.81  7.24  6.67  6.19  5.93  5.61  0.00  0.00  0.00  0.00  0.00
2021 225  22 11.58 10.84 10.09  9.36  8.65  7.95  7.29  6.63  5.99  7.38  6.79  6.20  5.76  5.58  5.39  0.00  0.00  0.00  0.00  0.00
2021 225  23  9.18  8.78  8.35  7.93  7.49  7.06  6.61  6.15  5.69  7.23  6.77  6.29  5.91  5.71  5.50  0.00  0.00  0.00  0.00  0.00
2021 226   0 10.91 10.31  9.72  9.13  8.55  7.98  7.41  6.83  6.26  7.70  7.14  6.58  6.12  5.87  5.61  0.00  0.00  0.00  0.00 -0.00
2021 226   1 10.46  9.91  9.37  8.83  8.29  7.76  7.22  6.65  6.08  7.53  6.97  6.42  5.99  5.78  5.56  0.00  0.00  0.00  0.00  0.00
2021 226   2  8.36  7.85  7.35  6.84  6.34  5.84  5.33  4.77  4.22  3.68  3.14  2.61  2.17  1.91  1.65  0.00  0.00  0.00 -0.00  0.00
2021 226   3  6.07  6.15  6.14  6.06  5.92  5.71  5.43  5.05  4.63  4.17  3.67  3.14  2.64  2.25  1.88  0.00  0.00  0.00  0.00 -0.00
2021 226   4 10.16  9.78  9.40  8.98  8.55  8.10  7.61  7.08  6.53  7.97  7.41  6.84  6.36  6.08  5.80  0.00  0.00  0.00  0.00 -0.00
2021 226   5  9.61  9.34  9.05  8.71  8.35  7.96  7.53  7.04  6.54  8.02  7.48  6.93  6.46  6.19  5.93  0.00  0.00 -0.00  0.00  0.00
2021 226   6  7.56  7.50  7.39  7.24  7.06  6.84  6.57  6.24  5.88  7.50  7.09  6.66  6.30  6.11  5.90  0.00  0.00 -0.00 -0.00  0.00
2021 226   7  2.88  3.28  3.58  3.77  3.88  3.90  3.84  3.69  3.48  3.22  2.91  2.55  2.23  2.05  1.84 -0.00  0.00  0.00  0.00  0.00
2021 226   8  5.08  5.30  5.46  5.56  5.58  5.56  5.48  5.35  5.17  6.96  6.72  6.44  6.20  6.07  5.90 -0.00  0.00  0.00  0.00  0.00
2021 226   9  5.20  5.30  5.34  5.34  5.29  5.20  5.10  4.95  4.77  6.58  6.37  6.12  5.94  5.90  5.77 -0.00  0.00  0.00  0.00  0.00
2021 226  10  2.44  2.71  2.90  3.04  3.10  3.09  3.05  2.95  2.80  2.63  2.43  2.19  1.95  1.80  1.55  0.00  0.00  0.00  0.00  0.00
2021 226  11  4.09  4.26  4.27  4.28  4.14  3.95  3.78  3.53  3.23  2.94  2.63  2.24  1.91  1.77  1.52  0.00  0.00  0.00  0.00  0.00
2021 226  12  8.29  7.92  7.37  6.91  6.32  5.73  5.28  4.75  4.21  3.80  3.40  2.91  2.42  2.09  1.61  0.00  0.00  0.00  0.00  0.00
2021 226  13  6.54  6.92  6.72  6.56  6.17  5.71  5.43  4.99  4.49  4.13  3.78  3.25  2.65  2.17  1.55  0.00  0.00  0.00  0.00  0.00
2021 226  14  8.13  7.80  7.24  6.81  6.19  5.58  5.15  4.63  4.08  3.69  3.33  2.84  2.31  1.90  1.31  0.00  0.00 -0.00 -0.00  0.00
2021 226  15  3.83  3.72  3.69  3.77  3.79  3.77  3.75  3.67  3.56  3.53  3.57  3.54  3.23  2.57  1.74  0.00  0.00  0.00  0.00  0.00
2021 226  16  4.55  4.61  4.60  4.57  4.46  4.30  4.16  3.95  3.69  3.51  3.37  3.16  2.76  2.17  1.38  0.00  0.00 -0.00  0.00  0.00
2021 226  17  0.86  1.05  1.37  1.79  2.14  2.40  2.58  2.67  2.69  2.69  2.69  2.62  2.38  1.94  1.31  0.00 -0.00  0.00  0.00 -0.00
2021 226  18  6.83  6.60  6.34  6.08  5.80  5.51  5.24  4.95  4.65  6.37  6.10  5.81  5.57  5.43  5.12  0.00 -0.00  0.00  0.00  0.00
2021 226  19  7.09  7.03  6.89  6.73  6.51  6.25  5.98  5.65  5.29  6.93  6.54  6.12  5.82  5.75  5.52  0.00 -0.00  0.00  0.00  0.00
2021 226  20  7.18  6.60  5.98  5.41  4.84  4.29  3.79  3.29  2.81  2.38  1.96  1.54  1.21  1.09  0.91  0.00  0.00  0.00  0.00  0.00
2021 226  21  5.10  4.84  4.53  4.24  3.91  3.58  3.26  2.92  2.58  2.25  1.92  1.57  1.27  1.10  0.91 -0.00  0.00 -0.00  0.00  0.00
2021 226  22  4.46  4.22  3.94  3.67  3.37  3.07  2.79  2.48  2.17  1.87  1.57  1.25  0.99  0.88  0.75  0.00 -0.00  0.00  0.00  0.00
2021 226  23  3.81  3.54  3.27  3.02  2.76  2.51  2.27  2.03  1.80  1.58  1.37  1.15  0.97  0.86  0.74  0.00  0.00 -0.00  0.00  0.00
2021 227   0  4.90  4.38  3.90  3.46  3.04  2.67  2.31  1.99  1.69  1.42  1.18  0.96  0.80  0.73  0.66  0.00  0.00  0.00  0.00  0.00
2021 227   1  5.84  5.17  4.54  3.97  3.44  2.97  2.53  2.12  1.76  1.44  1.15  0.90  0.73  0.66  0.59  0.00  0.00  0.00  0.00  0.00
2021 227   2  5.17  4.61  4.09  3.60  3.15  2.73  2.34  1.98  1.65  1.35  1.08  0.84  0.66  0.58  0.49  0.00  0.00  0.00  0.00  0.00
2021 227   3  5.12  4.51  3.95  3.43  2.95  2.51  2.10  1.74  1.41  1.11  0.85  0.62  0.47  0.41  0.36  0.00  0.00  0.00  0.00  0.00
2021 227   4  0.81  0.89  0.96  1.03  1.07  1.10  1.10  1.06  1.01  0.93  0.82  0.69  0.57  0.51  0.44  0.00 -0.00 -0.00 -0.00  0.00
2021 227   5  1.11  1.20  1.27  1.32  1.34  1.33  1.30  1.23  1.15  1.04  0.91  0.76  0.63  0.54  0.45  0.00 -0.00  0.00  0.00  0.00
2021 227   6  1.41  1.45  1.47  1.47  1.45  1.41  1.35  1.26  1.16  1.04  0.91  0.76  0.63  0.54  0.44  0.00  0.00  0.00  0.00  0.00
2021 227   7  2.36  2.22  2.08  1.93  1.78  1.63  1.48  1.31  1.13  0.96  0.79  0.61  0.45  0.37  0.28  0.00  0.00  0.00  0.00  0.00
2021 227   8  3.20  2.98  2.77  2.56  2.35  2.14  1.94  1.73  1.52  1.32  1.12  0.92  0.73  0.56  0.38  0.00  0.00  0.00  0.00  0.00
2021 227   9  2.88  2.78  2.65  2.52  2.37  2.20  2.04  1.86  1.66  1.47  1.29  1.08  0.87  0.68  0.45 -0.00  0.00  0.00  0.00  0.00
2021 227  10  1.06  1.15  1.27  1.41  1.50  1.56  1.59  1.56  1.50  1.42  1.33  1.19  1.02  0.86  0.60  0.00  0.00  0.00  0.00  0.00
2021 227  11  2.36  2.35  2.30  2.24  2.14  2.02  1.91  1.77  1.60  1.46  1.31  1.12  0.95  0.83  0.58  0.00  0.00  0.00  0.00  0.00
2021 227  12  4.16  3.94  3.63  3.36  3.04  2.72  2.48  2.19  1.90  1.68  1.46  1.19  0.96  0.85  0.58  0.00  0.00  0.00 -0.00  0.00
2021 227  13  4.27  4.14  3.85  3.66  3.36  3.05  2.87  2.62  2.34  2.18  2.04  1.80  1.49  1.18  0.72  0.00  0.00  0.00 -0.00  0.00
2021 227  14  6.06  6.18  5.75  5.47  5.02  4.55  4.32  3.97  3.58  3.43  3.33  3.07  2.55  1.82  0.97  0.00  0.00  0.00 -0.00  0.00
2021 227  15  6.25  6.25  5.82  5.53  5.06  4.59  4.33  3.95  3.54  3.35  3.20  2.90  2.38  1.73  0.95 -0.00 -0.00  0.00  0.00  0.00
2021 227  16  7.93  7.34  6.56  5.96  5.23  4.55  4.09  3.57  3.06  2.78  2.56  2.23  1.81  1.39  0.77  0.00  0.00  0.00  0.00 -0.00
2021 227  17  6.14  5.87  5.43  5.10  4.64  4.18  3.88  3.50  3.10  2.88  2.72  2.44  1.99  1.43  0.74  0.00  0.00  0.00  0.00  0.00
2021 227  18  4.71  4.43  4.04  3.74  3.35  2.98  2.73  2.43  2.12  1.95  1.82  1.62  1.32  0.97  0.50  0.00  0.00  0.00  0.00  0.00
2021 227  19  6.17  5.66  5.05  4.55  3.99  3.46  3.07  2.64  2.23  1.95  1.71  1.41  1.09  0.82  0.46  0.00  0.00  0.00 -0.00  0.00
2021 227  20  3.33  3.13  2.88  2.66  2.42  2.17  1.97  1.75  1.52  1.33  1.17  0.97  0.76  0.56  0.32  0.00  0.00  0.00  0.00 -0.00
2021 227  21  3.27  2.96  2.64  2.35  2.06  1.80  1.56  1.33  1.11  0.93  0.78  0.62  0.47  0.37  0.23  0.00  0.00  0.00  0.00  0.00
2021 227  22  2.56  2.34  2.13  1.92  1.72  1.53  1.35  1.16  0.97  0.80  0.63  0.47  0.33  0.28  0.21  0.00  0.00  0.00  0.00  0.00
2021 227  23  1.96  1.85  1.74  1.62  1.50  1.37  1.23  1.08  0.92  0.76  0.59  0.42  0.27  0.22  0.16  0.00  0.00  0.00  0.00  0.00
2021 228   0  2.98  2.61  2.26  1.94  1.65  1.38  1.13  0.90  0.69  0.50  0.33  0.18  0.08  0.08  0.07  0.00 -0.00  0.00  0.00  0.00
2021 228   1  3.57  3.10  2.67  2.27  1.90  1.56  1.24  0.95  0.68  0.44  0.23  0.04  0.00  0.00  0.04  0.00  0.00  0.00  0.00  0.00
2021 228   2  0.95  0.94  0.93  0.91  0.87  0.83  0.78  0.70  0.61  0.50  0.37  0.24  0.14  0.13  0.12  0.00  0.00  0.00  0.00  0.00
2021 228   3  0.53  0.57  0.63  0.69  0.76  0.80  0.82  0.79  0.74  0.66  0.56  0.43  0.32  0.29  0.26  0.00  0.00  0.00  0.00  0.00
2021 228   4  0.84  0.88  0.91  0.94  0.95  0.94  0.91  0.85  0.76  0.66  0.53  0.38  0.27  0.25  0.23  0.00  0.00  0.00  0.00  0.00
2021 228   5  0.37  0.38  0.39  0.42  0.47  0.52  0.56  0.57  0.56  0.51  0.43  0.33  0.24  0.22  0.20  0.00 -0.00  0.00  0.00  0.00
2021 228   6  0.38  0.37  0.37  0.37  0.37  0.39  0.40  0.39  0.37  0.33  0.28  0.20  0.14  0.13  0.12  0.00  0.00  0.00  0.00  0.00
2021 228   7  0.62  0.59  0.54  0.50  0.46  0.42  0.38  0.34  0.29  0.24  0.19  0.13  0.08  0.09  0.08  0.00 -0.00 -0.00  0.00  0.00
2021 228   8  0.57  0.56  0.54  0.53  0.51  0.49  0.48  0.45  0.42  0.39  0.36  0.32  0.28  0.26  0.20  0.00 -0.00  0.00  0.00  0.00
2021 228   9  2.62  2.63  2.62  2.63  2.63  2.64  2.67  2.68  2.68  4.70  4.71  4.71  4.65  4.55  4.37  0.00  0.00 -0.00  0.00  0.00
2021 228  10  3.11  3.08  3.03  3.02  3.01  3.03  3.06  3.06  3.03  5.02  5.00  4.94  4.85  4.73  4.50 -0.00  0.00  0.00  0.00  0.00
2021 228  11  3.91  3.87  3.79  3.74  3.65  3.55  3.48  3.37  3.25  5.17  5.09  4.97  4.86  4.79  4.56  0.00  0.00 -0.00  0.00  0.00
2021 228  12  4.76  4.65  4.48  4.35  4.17  3.99  3.86  3.71  3.55  5.44  5.36  5.23  5.09  4.96  4.65  0.00  0.00  0.00  0.00  0.00
2021 228  13  6.35  6.11  5.77  5.50  5.16  4.83  4.60  4.33  4.05  5.88  5.73  5.53  5.30  5.09  4.70  0.00  0.00  0.00  0.00  0.00
2021 228  14  4.25  4.07  3.78  3.62  3.36  3.10  2.97  2.75  2.50  2.36  2.24  2.02  1.70  1.35  0.82  0.00  0.00  0.00  0.00  0.00
2021 228  15  4.85  4.65  4.29  4.11  3.84  3.57  3.47  3.26  3.00  2.90  2.82  2.59  2.22  1.76  1.04  0.00  0.00  0.00  0.00  0.00
2021 228  16  4.86  4.70  4.39  4.22  3.92  3.62  3.49  3.25  2.97  2.85  2.77  2.55  2.15  1.62  0.90  0.00  0.00  0.00  0.00  0.00
2021 228  17  4.18  4.03  3.74  3.62  3.38  3.14  3.05  2.86  2.62  2.52  2.44  2.23  1.89  1.45  0.84  0.00  0.00  0.00  0.00  0.00
2021 228  18  1.78  1.86  1.90  1.98  1.99  1.98  2.01  1.97  1.90  1.90  1.92  1.87  1.66  1.25  0.71 -0.00  0.00  0.00  0.00  0.00
2021 228  19  2.15  2.18  2.17  2.21  2.19  2.14  2.13  2.06  1.94  1.89  1.84  1.72  1.46  1.08  0.62  0.00  0.00 -0.00  0.00 -0.00
2021 228  20  2.25  2.30  2.30  2.30  2.24  2.16  2.12  2.02  1.90  1.85  1.84  1.77  1.51  1.05  0.54  0.00  0.00 -0.00  0.00  0.00
2021 228  21  0.83  0.94  1.01  1.09  1.12  1.12  1.15  1.13  1.08  1.06  1.05  0.98  0.82  0.60  0.32  0.00  0.00  0.00  0.00  0.00
2021 228  22  1.09  1.07  1.03  0.99  0.92  0.85  0.80  0.72  0.63  0.56  0.49  0.41  0.30  0.20  0.07  0.00  0.00  0.00  0.00  0.00
2021 228  23  1.74  1.64  1.52  1.39  1.24  1.08  0.91  0.71  0.50  0.28  0.06  0.00  0.00  0.00  0.00  0.00  0.00  0.00  0.00  0.00
2021 229   0  1.45  1.26  1.07  0.89  0.72  0.56  0.39  0.22  0.05  0.00  0.00  0.00  0.00  0.00  0.00  0.00  0.00  0.00  0.00  0.00
2021 229   1  1.44  1.28  1.11  0.95  0.79  0.63  0.47  0.29  0.11  0.00  0.00  0.00  0.00  0.00  0.00  0.00  0.00  0.00  0.00  0.00
2021 229   2  2.88  2.45  2.05  1.68  1.33  1.01  0.71  0.42  0.15  0.00  0.00  0.00  0.00  0.00  0.00  0.00  0.00  0.00  0.00  0.00
2021 229   3  2.07  1.82  1.57  1.33  1.11  0.89  0.67  0.44  0.21  0.00  0.00  0.00  0.00  0.00  0.00  0.00  0.00  0.00  0.00  0.00
2021 229   4  1.84  1.65  1.45  1.26  1.08  0.89  0.70  0.47  0.26  0.04  0.00  0.00  0.00  0.00  0.00  0.00  0.00  0.00  0.00  0.00
2021 229   5  0.00  0.02  0.13  0.22  0.28  0.31  0.30  0.23  0.13  0.00  0.00  0.00  0.00  0.00  0.00  0.00  0.00  0.00  0.00  0.00
2021 229   6  0.00  0.00  0.00  0.00  0.07  0.12  0.13  0.09  0.00  0.00  0.00  0.00  0.00  0.00  0.00  0.00  0.00  0.00  0.00  0.00
2021 229   7  0.14  0.20  0.24  0.26  0.26  0.23  0.18  0.08  0.00  0.00  0.00  0.00  0.00  0.00  0.00  0.00  0.00  0.00  0.00  0.00
2021 229   8  0.13  0.20  0.26  0.31  0.33  0.33  0.31  0.23  0.13  0.02  0.00  0.00  0.00  0.00  0.00  0.00  0.00  0.00  0.00  0.00
2021 229   9  1.84  1.76  1.61  1.49  1.32  1.15  1.02  0.84  0.63  0.48  0.33  0.14  0.00  0.00  0.00  0.00  0.00  0.00  0.00  0.00
2021 229  10  2.10  1.96  1.72  1.58  1.41  1.29  1.24  1.12  0.94  0.80  0.64  0.38  0.16  0.09  0.00  0.00  0.00  0.00  0.00  0.00
2021 229  11  3.02  2.85  2.59  2.44  2.26  2.15  2.18  2.10  1.94  1.90  1.85  1.68  1.35  0.95  0.42  0.00  0.00  0.00  0.00  0.00
2021 229  12  5.14  4.94  4.54  4.28  3.87  3.46  3.23  2.90  2.54  2.35  2.19  1.90  1.52  1.21  0.75  0.00  0.00  0.00 -0.00  0.00
2021 229  13  2.82  2.90  2.90  3.01  2.99  2.94  2.98  2.90  2.78  2.78  2.82  2.74  2.44  1.96  1.28  0.00 -0.00  0.00  0.00  0.00
2021 229  14  3.59  3.57  3.41  3.32  3.12  2.91  2.82  2.65  2.46  2.40  2.38  2.26  2.04  1.76  1.23 -0.00  0.00  0.00 -0.00  0.00
2021 229  15  3.17  3.09  2.90  2.84  2.68  2.53  2.49  2.37  2.21  2.17  2.15  2.01  1.81  1.62  1.15 -0.00 -0.00  0.00  0.00 -0.00
2021 229  16  3.19  3.04  2.76  2.60  2.37  2.19  2.21  2.17  2.09  2.10  2.10  1.98  1.77  1.54  1.05  0.00  0.00  0.00  0.00  0.00
2021 229  17  2.77  2.82  2.77  2.77  2.67  2.56  2.52  2.43  2.31  2.28  2.28  2.21  1.96  1.56  1.03  0.00 -0.00  0.00  0.00  0.00
2021 229  18  5.25  5.03  4.63  4.35  3.96  3.57  3.36  3.07  2.79  2.63  2.50  2.28  1.97  1.61  1.13  0.00 -0.00  0.00 -0.00 -0.00
2021 229  19  4.98  4.73  4.32  4.01  3.59  3.19  2.94  2.62  2.30  2.10  1.89  1.61  1.34  1.20  0.91  0.00  0.00  0.00  0.00 -0.00
2021 229  20  1.50  1.55  1.57  1.63  1.63  1.62  1.63  1.60  1.54  1.51  1.49  1.42  1.28  1.10  0.84  0.00  0.00  0.00  0.00  0.00
2021 229  21  1.71  1.77  1.79  1.81  1.79  1.74  1.69  1.61  1.50  1.39  1.28  1.12  0.96  0.86  0.71  0.00  0.00  0.00  0.00 -0.00
2021 229  22  4.07  4.07  4.06  4.03  3.97  3.90  3.81  3.70  3.57  5.43  5.28  5.10  4.95  4.88  4.79  0.00  0.00  0.00  0.00  0.00
2021 229  23  1.79  1.81  1.76  1.70  1.63  1.53  1.43  1.31  1.18  1.04  0.88  0.71  0.58  0.56  0.54  0.00  0.00  0.00  0.00 -0.00
2021 230   0  0.88  1.00  1.11  1.21  1.29  1.33  1.36  1.36  1.34  1.29  1.22  1.14  1.03  0.92  0.80  0.00  0.00  0.00  0.00  0.00
2021 230   1  0.63  0.72  0.82  0.90  0.97  1.02  1.04  1.05  1.04  1.02  0.97  0.91  0.84  0.77  0.69  0.00  0.00  0.00  0.00  0.00
2021 230   2  1.07  1.07  1.06  1.05  1.03  0.99  0.96  0.91  0.86  0.80  0.72  0.64  0.58  0.55  0.52  0.00  0.00 -0.00  0.00  0.00
2021 230   3  0.37  0.40  0.49  0.65  0.82  0.96  1.07  1.14  1.18  1.20  1.18  1.15  1.07  0.95  0.83  0.00  0.00  0.00  0.00  0.00
2021 230   4  0.42  0.38  0.40  0.48  0.65  0.83  0.97  1.07  1.13  1.15  1.14  1.10  1.02  0.89  0.78  0.00  0.00 -0.00  0.00  0.00
2021 230   5  0.49  0.51  0.55  0.68  0.86  1.02  1.14  1.20  1.21  1.18  1.11  1.00  0.88  0.78  0.69  0.00  0.00  0.00  0.00  0.00
2021 230   6  0.66  0.76  0.88  1.00  1.09  1.15  1.18  1.19  1.17  1.12  1.05  0.96  0.84  0.71  0.59  0.00  0.00  0.00  0.00  0.00
2021 230   7  1.50  1.44  1.38  1.31  1.23  1.14  1.05  0.95  0.84  0.74  0.62  0.50  0.39  0.33  0.25  0.00  0.00  0.00  0.00  0.00
2021 230   8  1.51  1.49  1.45  1.42  1.36  1.29  1.22  1.15  1.05  0.98  0.91  0.82  0.70  0.60  0.47  0.00  0.00  0.00  0.00  0.00
2021 230   9  2.25  2.11  1.95  1.82  1.66  1.51  1.39  1.26  1.12  1.03  0.96  0.88  0.76  0.65  0.46  0.00 -0.00  0.00  0.00 -0.00
2021 230  10  1.95  1.90  1.80  1.75  1.66  1.57  1.53  1.46  1.37  1.34  1.31  1.24  1.10  0.94  0.68  0.00  0.00  0.00  0.00  0.00
2021 230  11  1.68  1.76  1.79  1.87  1.88  1.88  1.93  1.93  1.90  1.95  2.03  2.05  1.87  1.46  0.92  0.00  0.00  0.00  0.00 -0.00
2021 230  12  3.60  3.55  3.39  3.32  3.15  2.96  2.91  2.79  2.64  2.66  2.74  2.71  2.43  1.87  1.10 -0.00  0.00  0.00  0.00  0.00
2021 230  13  3.13  3.16  3.08  3.11  3.07  3.01  3.09  3.07  3.01  3.13  3.34  3.42  3.07  2.23  1.23  0.00  0.00  0.00  0.00  0.00
2021 230  14  2.89  3.04  3.11  3.19  3.22  3.26  3.42  3.45  3.41  3.56  3.80  3.89  3.49  2.52  1.37  0.00  0.00 -0.00  0.00  0.00
2021 230  15  6.03  6.02  5.78  5.40  4.88  4.42  4.21  3.87  3.50  3.35  3.23  2.95  2.50  1.98  1.22  0.00  0.00  0.00  0.00  0.00
2021 230  16  5.91  5.74  5.35  5.10  4.69  4.27  4.04  3.71  3.35  3.18  3.06  2.80  2.36  1.80  0.99  0.00  0.00 -0.00  0.00  0.00
2021 230  17  5.04  4.76  4.34  4.10  3.73  3.37  3.17  2.88  2.56  2.37  2.17  1.86  1.53  1.27  0.77  0.00  0.00  0.00  0.00  0.00
2021 230  18  6.46  6.02  5.39  4.90  4.28  3.70  3.30  2.85  2.39  2.08  1.77  1.37  1.07  0.98  0.65  0.00  0.00 -0.00  0.00  0.00
2021 230  19  5.58  5.08  4.46  3.95  3.38  2.85  2.45  2.03  1.62  1.32  1.03  0.71  0.51  0.56  0.44  0.00  0.00  0.00  0.00  0.00
2021 230  20  4.16  3.76  3.32  2.93  2.53  2.14  1.83  1.51  1.21  0.95  0.71  0.46  0.31  0.36  0.30  0.00  0.00  0.00  0.00  0.00
2021 230  21  3.18  2.92  2.60  2.29  1.97  1.67  1.40  1.13  0.88  0.64  0.42  0.19  0.03  0.01  0.00  0.00  0.00  0.00  0.00  0.00
2021 230  22  2.01  1.88  1.70  1.52  1.34  1.15  0.98  0.81  0.63  0.46  0.28  0.10  0.00  0.00  0.00  0.00  0.00  0.00  0.00  0.00
2021 230  23  1.63  1.48  1.33  1.19  1.05  0.92  0.80  0.67  0.56  0.44  0.33  0.22  0.10  0.00  0.00  0.00  0.00  0.00  0.00  0.00
2021 231   0  1.81  1.60  1.39  1.19  0.99  0.80  0.61  0.42  0.24  0.06  0.00  0.00  0.00  0.00  0.00  0.00  0.00  0.00  0.00  0.00
2021 231   1  1.75  1.55  1.35  1.15  0.96  0.77  0.58  0.39  0.20  0.01  0.00  0.00  0.00  0.00  0.00  0.00  0.00  0.00  0.00  0.00
2021 231   2  0.91  0.85  0.79  0.72  0.65  0.56  0.47  0.36  0.25  0.12  0.00  0.00  0.00  0.00  0.00  0.00  0.00  0.00  0.00  0.00
2021 231   3  0.37  0.37  0.37  0.37  0.36  0.35  0.33  0.31  0.29  0.26  0.22  0.17  0.11  0.02  0.00  0.00  0.00  0.00  0.00  0.00
2021 231   4  0.00  0.05  0.12  0.17  0.22  0.25  0.28  0.30  0.31  0.31  0.29  0.27  0.16  0.00  0.00  0.00  0.00  0.00  0.00  0.00
2021 231   5  0.84  0.79  0.74  0.69  0.63  0.57  0.51  0.47  0.43  0.38  0.33  0.28  0.16  0.00  0.00  0.00  0.00  0.00  0.00  0.00
2021 231   6  1.31  1.20  1.09  0.98  0.87  0.76  0.66  0.60  0.53  0.46  0.40  0.33  0.21  0.02  0.00  0.00  0.00  0.00  0.00  0.00
2021 231   7  0.15  0.24  0.35  0.46  0.54  0.62  0.70  0.75  0.77  0.77  0.76  0.71  0.56  0.26  0.00  0.00  0.00  0.00  0.00  0.00
2021 231   8  1.57  1.49  1.41  1.32  1.21  1.18  1.24  1.28  1.29  1.35  1.43  1.49  1.27  0.71  0.15  0.00  0.00  0.00  0.00  0.00
2021 231   9  2.29  2.12  2.04  2.01  1.95  1.88  1.83  1.75  1.67  1.65  1.67  1.66  1.42  0.83  0.18  0.00  0.00  0.00  0.00  0.00
2021 231  10  3.23  2.91  2.72  2.62  2.50  2.37  2.26  2.14  2.01  1.98  2.04  2.05  1.81  1.18  0.37  0.00  0.00  0.00  0.00  0.00
2021 231  11  2.53  2.46  2.36  2.28  2.15  2.02  1.95  1.84  1.73  1.73  1.79  1.80  1.61  1.15  0.51  0.00  0.00  0.00  0.00  0.00
2021 231  12  1.82  1.92  1.98  2.05  2.06  2.04  2.07  2.06  2.01  2.09  2.23  2.29  2.07  1.47  0.71  0.00  0.00  0.00 -0.00  0.00
2021 231  13  3.78  3.73  3.56  3.47  3.27  3.05  2.97  2.82  2.64  2.65  2.74  2.72  2.41  1.78  0.85  0.00 -0.00  0.00  0.00  0.00
2021 231  14  7.23  7.08  6.69  6.46  6.02  5.39  4.91  4.34  3.75  3.48  3.30  2.95  2.39  1.70  0.71  0.00  0.00  0.00  0.00  0.00
2021 231  15  6.72  6.63  6.28  6.10  5.70  5.25  4.73  4.11  3.48  3.15  2.88  2.45  1.90  1.34  0.53  0.00  0.00  0.00  0.00  0.00
2021 231  16  6.43  6.11  5.56  5.17  4.61  4.06  3.76  3.36  2.95  2.80  2.74  2.54  2.04  1.32  0.40  0.00  0.00  0.00  0.00 -0.00
2021 231  17  4.81  4.52  4.08  3.75  3.31  2.88  2.63  2.32  1.99  1.87  1.81  1.65  1.32  0.86  0.21  0.00 -0.00  0.00  0.00  0.00
2021 231  18  5.24  4.78  4.15  3.66  3.06  2.50  2.10  1.65  1.22  0.91  0.62  0.26  0.00  0.00  0.00  0.00  0.00  0.00  0.00  0.00
2021 231  19  6.34  5.69  4.87  4.20  3.44  2.73  2.21  1.66  1.14  0.76  0.40  0.00  0.00  0.00  0.00  0.00  0.00  0.00  0.00  0.00
2021 231  20  5.12  4.53  3.83  3.25  2.61  2.01  1.55  1.08  0.64  0.30  0.00  0.00  0.00  0.00  0.00  0.00  0.00  0.00  0.00  0.00
2021 231  21  3.51  3.02  2.48  2.02  1.54  1.10  0.74  0.39  0.07  0.00  0.00  0.00  0.00  0.00  0.00  0.00  0.00  0.00  0.00  0.00
2021 231  22  2.88  2.47  2.05  1.66  1.28  0.93  0.61  0.31  0.03  0.00  0.00  0.00  0.00  0.00  0.00  0.00  0.00  0.00  0.00  0.00
2021 231  23  1.91  1.61  1.32  1.04  0.78  0.53  0.30  0.07  0.00  0.00  0.00  0.00  0.00  0.00  0.00  0.00  0.00  0.00  0.00  0.00
2021 232   0  1.87  1.57  1.29  1.01  0.75  0.50  0.26  0.03  0.00  0.00  0.00  0.00  0.00  0.00  0.00  0.00  0.00  0.00  0.00  0.00
2021 232   1  2.46  2.05  1.66  1.30  0.96  0.64  0.34  0.07  0.00  0.00  0.00  0.00  0.00  0.00  0.00  0.00  0.00  0.00  0.00  0.00
2021 232   2  1.65  1.38  1.12  0.86  0.62  0.38  0.15  0.00  0.00  0.00  0.00  0.00  0.00  0.00  0.00  0.00  0.00  0.00  0.00  0.00
2021 232   3  1.49  1.27  1.04  0.82  0.61  0.40  0.19  0.00  0.00  0.00  0.00  0.00  0.00  0.00  0.00  0.00  0.00  0.00  0.00  0.00
2021 232   4  1.61  1.36  1.12  0.89  0.66  0.46  0.26  0.07  0.00  0.00  0.00  0.00  0.00  0.00  0.00  0.00  0.00  0.00  0.00  0.00
2021 232   5  0.26  0.22  0.17  0.12  0.05  0.00  0.00  0.00  0.00  0.00  0.00  0.00  0.00  0.00  0.00  0.00  0.00  0.00  0.00  0.00
2021 232   6  0.00  0.00  0.00  0.00  0.00  0.00  0.00  0.00  0.00  0.00  0.00  0.00  0.00  0.00  0.00  0.00  0.00  0.00  0.00  0.00
2021 232   7  0.00  0.00  0.00  0.00  0.00  0.00  0.00  0.00  0.03  0.06  0.10  0.08  0.00  0.00  0.00  0.00  0.00  0.00  0.00  0.00
2021 232   8  0.00  0.00  0.00  0.00  0.00  0.00  0.01  0.19  0.36  0.55  0.77  0.90  0.74  0.14  0.00  0.00  0.00  0.00  0.00  0.00
2021 232   9  0.00  0.00  0.00  0.15  0.32  0.48  0.63  0.80  0.97  1.20  1.48  1.63  1.47  0.82  0.06  0.00  0.00  0.00  0.00  0.00
2021 232  10  0.56  0.70  0.87  1.00  1.10  1.19  1.31  1.46  1.62  1.86  2.16  2.29  2.10  1.43  0.62  0.00  0.00  0.00  0.00  0.00
2021 232  11  2.18  2.03  2.05  2.05  2.03  2.02  2.07  2.17  2.30  2.51  2.79  2.85  2.62  2.03  1.26  0.00  0.00  0.00  0.00  0.00
2021 232  12  3.28  2.93  2.83  2.75  2.65  2.58  2.60  2.69  2.79  2.98  3.25  3.25  2.99  2.44  1.67 -0.00  0.00  0.00  0.00  0.00
2021 232  13  4.40  3.88  3.67  3.47  3.26  3.09  3.03  3.05  3.09  3.23  3.45  3.38  3.10  2.63  1.93  0.00  0.00  0.00  0.00  0.00
2021 232  14  5.11  4.44  4.14  3.85  3.57  3.34  3.22  3.20  3.20  3.31  3.47  3.35  3.03  2.56  1.87  0.00  0.00  0.00  0.00  0.00
2021 232  15  5.74  4.96  4.57  4.21  3.84  3.52  3.34  3.24  3.17  3.20  3.28  3.09  2.78  2.45  1.88  0.00  0.00  0.00  0.00  0.00
2021 232  16  6.01  5.14  4.68  4.24  3.81  3.43  3.19  3.03  2.90  2.85  2.85  2.59  2.28  2.05  1.59  0.00  0.00  0.00  0.00  0.00
2021 232  17  6.38  5.42  4.87  4.35  3.83  3.38  3.05  2.81  2.58  2.43  2.32  1.98  1.67  1.53  1.19  1.14  0.00  0.00  0.00  0.00
2021 232  18  5.14  4.32  3.87  3.44  3.01  2.64  2.37  2.17  1.97  1.81  1.66  1.34  1.06  1.00  0.76  0.41  0.00  0.00  0.00  0.00
2021 232  19  4.33  3.56  3.12  2.70  2.29  1.93  1.66  1.42  1.18  0.97  0.74  0.39  0.16  0.21  0.13  0.19  0.00  0.00  0.00  0.00
2021 232  20  3.09  2.52  2.19  1.87  1.57  1.29  1.06  0.86  0.64  0.41  0.16  0.00  0.00  0.00  0.00  0.00  0.00  0.00  0.00  0.00
2021 232  21  1.52  1.27  1.11  0.94  0.78  0.62  0.47  0.33  0.17  0.00  0.00  0.00  0.00  0.00  0.00  0.00  0.00  0.00  0.00  0.00
2021 232  22  0.97  0.82  0.70  0.58  0.46  0.34  0.22  0.10  0.00  0.00  0.00  0.00  0.00  0.00  0.00  0.00  0.00  0.00  0.00  0.00
2021 232  23  0.00  0.00  0.00  0.00  0.00  0.00  0.00  0.00  0.00  0.00  0.00  0.00  0.00  0.00  0.00  0.00  0.00  0.00  0.00  0.00
2021 233   0  0.38  0.33  0.29  0.23  0.16  0.09  0.00  0.00  0.00  0.00  0.00  0.00  0.00  0.00  0.00  0.00  0.00  0.00  0.00  0.00
2021 233   1  0.20  0.18  0.17  0.13  0.09  0.03  0.00  0.00  0.00  0.00  0.00  0.00  0.00  0.00  0.00  0.00  0.00  0.00  0.00  0.00
2021 233   2  0.00  0.00  0.00  0.00  0.00  0.00  0.00  0.00  0.00  0.00  0.00  0.00  0.00  0.00  0.00  0.00  0.00  0.00  0.00  0.00
2021 233   3  0.50  0.47  0.43  0.37  0.31  0.23  0.14  0.03  0.00  0.00  0.00  0.00  0.00  0.00  0.00  0.00  0.00  0.00  0.00  0.00
2021 233   4  0.28  0.26  0.23  0.20  0.16  0.12  0.07  0.01  0.00  0.00  0.00  0.00  0.00  0.00  0.00  0.00  0.00  0.00  0.00  0.00
2021 233   5  0.00  0.04  0.10  0.14  0.17  0.19  0.20  0.20  0.19  0.17  0.14  0.10  0.00  0.00  0.00  0.00  0.00  0.00  0.00  0.00
2021 233   6  0.06  0.13  0.18  0.23  0.26  0.28  0.30  0.33  0.35  0.36  0.36  0.35  0.22  0.00  0.00  0.00  0.00  0.00  0.00  0.00
2021 233   7  0.46  0.47  0.47  0.47  0.45  0.43  0.50  0.65  0.80  0.97  1.18  1.33  1.23  0.68  0.14  0.00  0.00  0.00  0.00  0.00
2021 233   8  1.04  1.00  0.96  0.90  0.84  0.83  0.94  1.04  1.15  1.28  1.46  1.56  1.42  0.92  0.43  0.00  0.00  0.00  0.00  0.00
2021 233   9  1.15  1.08  1.00  0.92  0.90  1.03  1.14  1.27  1.40  1.59  1.83  1.98  1.81  1.14  0.50  0.00  0.00  0.00  0.00  0.00
2021 233  10  0.63  0.63  0.62  0.78  0.99  1.16  1.33  1.51  1.71  1.96  2.28  2.46  2.33  1.70  1.05  0.00  0.00  0.00  0.00  0.00
2021 233  11  0.54  0.51  0.48  0.82  1.12  1.38  1.64  1.92  2.21  2.58  3.05  3.30  3.18  2.54  1.86  1.02  0.00  0.00  0.00  0.00
2021 233  12  0.83  0.99  1.15  1.29  1.39  1.49  1.66  1.92  2.27  2.70  3.18  3.40  3.25  2.67  2.04  1.75 -0.00  0.00  0.00  0.00
2021 233  13  1.59  1.64  1.75  1.85  1.94  2.05  2.24  2.47  2.71  3.04  3.43  3.56  3.38  2.83  2.23  1.95  0.00  0.00  0.00  0.00
2021 233  14  3.37  3.12  3.07  3.01  2.95  2.89  2.91  2.99  3.08  3.27  3.53  3.52  3.27  2.80  2.26  2.02  0.00  0.00  0.00  0.00
2021 233  15  6.77  5.96  5.53  5.11  4.67  4.29  4.02  3.85  3.69  3.65  3.65  3.36  2.97  2.58  2.11  1.92  0.00  0.00  0.00  0.00
2021 233  16  5.35  4.69  4.34  3.99  3.64  3.32  3.10  2.95  2.82  2.78  2.77  2.54  2.26  2.03  1.71  1.61  0.00  0.00 -0.00  0.00
2021 233  17  5.41  4.62  4.14  3.69  3.24  2.83  2.51  2.23  1.95  1.69  1.43  1.02  0.76  0.88  0.88  0.98 -0.00  0.00  0.00  0.00
2021 233  18  5.67  4.83  4.28  3.75  3.23  2.76  2.37  2.02  1.68  1.37  1.05  0.62  0.36  0.50  0.52  0.63  0.00  0.00  0.00 -0.00
2021 233  19  4.99  4.21  3.69  3.19  2.71  2.26  1.89  1.56  1.23  0.93  0.62  0.22  0.00  0.11  0.14  0.25  0.00  0.00  0.00  0.00
2021 233  20  3.83  3.25  2.84  2.43  2.04  1.66  1.33  1.03  0.72  0.43  0.12  0.00  0.00  0.00  0.00  0.00  0.00  0.00  0.00  0.00
2021 233  21  2.11  1.82  1.62  1.41  1.21  1.00  0.80  0.60  0.38  0.15  0.00  0.00  0.00  0.00  0.00  0.00  0.00  0.00  0.00  0.00
2021 233  22  1.29  1.16  1.05  0.93  0.80  0.65  0.50  0.34  0.15  0.00  0.00  0.00  0.00  0.00  0.00  0.00  0.00  0.00  0.00  0.00
2021 233  23  1.17  1.05  0.94  0.81  0.67  0.52  0.36  0.19  0.00  0.00  0.00  0.00  0.00  0.00  0.00  0.00  0.00  0.00  0.00  0.00
2021 234   0  0.41  0.36  0.31  0.25  0.18  0.10  0.00  0.00  0.00  0.00  0.00  0.00  0.00  0.00  0.00  0.00  0.00  0.00  0.00  0.00
2021 234   1  0.04  0.05  0.05  0.05  0.03  0.00  0.00  0.00  0.00  0.00  0.00  0.00  0.00  0.00  0.00  0.00  0.00  0.00  0.00  0.00
2021 234   2  0.00  0.00  0.00  0.00  0.00  0.00  0.00  0.00  0.00  0.00  0.00  0.00  0.00  0.00  0.00  0.00  0.00  0.00  0.00  0.00
2021 234   3  0.00  0.00  0.01  0.01  0.00  0.00  0.00  0.00  0.00  0.00  0.00  0.00  0.00  0.00  0.00  0.00  0.00  0.00  0.00  0.00
2021 234   4  0.53  0.49  0.44  0.38  0.30  0.19  0.07  0.00  0.00  0.00  0.00  0.00  0.00  0.00  0.00  0.00  0.00  0.00  0.00  0.00
2021 234   5  0.81  0.72  0.62  0.51  0.39  0.25  0.09  0.00  0.00  0.00  0.00  0.00  0.00  0.00  0.00  0.00  0.00  0.00  0.00  0.00
2021 234   6  0.58  0.53  0.47  0.39  0.29  0.17  0.05  0.00  0.00  0.00  0.00  0.00  0.00  0.00  0.00  0.00  0.00  0.00  0.00  0.00
2021 234   7  0.00  0.00  0.00  0.00  0.00  0.00  0.00  0.00  0.02  0.05  0.08  0.04  0.00  0.00  0.00  0.00  0.00  0.00  0.00  0.00
2021 234   8  0.00  0.00  0.00  0.00  0.00  0.00  0.07  0.25  0.41  0.58  0.78  0.88  0.66  0.00  0.00  0.00  0.00  0.00  0.00  0.00
2021 234   9  0.00  0.00  0.00  0.21  0.40  0.58  0.73  0.88  1.01  1.19  1.40  1.47  1.20  0.37  0.00  0.00  0.00  0.00  0.00  0.00
2021 234  10  0.92  0.92  1.09  1.22  1.32  1.41  1.52  1.66  1.79  2.00  2.26  2.33  2.03  1.17  0.25  0.00  0.00  0.00  0.00  0.00
2021 234  11  2.26  1.98  2.04  2.05  2.03  2.03  2.09  2.19  2.30  2.51  2.79  2.84  2.54  1.74  0.86  0.00  0.00  0.00  0.00  0.00
2021 234  12  3.60  3.05  2.99  2.88  2.75  2.66  2.64  2.70  2.77  2.95  3.21  3.20  2.88  2.15  1.33  0.00  0.00  0.00  0.00  0.00
2021 234  13  4.90  4.06  3.86  3.61  3.35  3.14  3.04  3.02  3.03  3.16  3.36  3.29  2.97  2.34  1.62  1.28  0.00  0.00  0.00  0.00
2021 234  14  5.70  4.66  4.38  4.05  3.72  3.45  3.29  3.23  3.18  3.25  3.39  3.24  2.89  2.35  1.71  1.64 -0.00 -0.00  0.00  0.00
2021 234  15  6.94  5.68  5.23  4.75  4.27  3.87  3.59  3.41  3.25  3.20  3.22  2.96  2.59  2.16  1.64  1.60  0.00 -0.00  0.00  0.00
2021 234  16  7.28  5.92  5.40  4.85  4.30  3.83  3.49  3.24  3.01  2.89  2.82  2.51  2.14  1.83  1.42  1.41  0.00 -0.00  0.00  0.00
2021 234  17  7.09  5.71  5.15  4.57  4.00  3.51  3.13  2.85  2.58  2.40  2.25  1.89  1.55  1.34  1.04  1.08  0.00  0.00  0.00  0.00
2021 234  18  6.79  5.45  4.86  4.24  3.65  3.13  2.71  2.37  2.04  1.78  1.55  1.15  0.83  0.73  0.55  0.64  0.00  0.00  0.00  0.00
2021 234  19  5.69  4.53  3.98  3.42  2.88  2.40  2.00  1.66  1.33  1.04  0.75  0.36  0.08  0.07  0.00  0.12  0.00  0.00  0.00  0.00
2021 234  20  4.50  3.58  3.10  2.60  2.12  1.69  1.31  0.97  0.63  0.32  0.00  0.00  0.00  0.00  0.00  0.00  0.00  0.00  0.00  0.00
2021 234  21  3.08  2.46  2.08  1.70  1.32  0.98  0.66  0.36  0.06  0.00  0.00  0.00  0.00  0.00  0.00  0.00  0.00  0.00  0.00  0.00
2021 234  22  1.53  1.23  1.02  0.80  0.57  0.35  0.14  0.00  0.00  0.00  0.00  0.00  0.00  0.00  0.00  0.00  0.00  0.00  0.00  0.00
2021 234  23  0.73  0.61  0.48  0.35  0.20  0.05  0.00  0.00  0.00  0.00  0.00  0.00  0.00  0.00  0.00  0.00  0.00  0.00  0.00  0.00
2021 235   0  1.06  0.89  0.70  0.52  0.33  0.13  0.00  0.00  0.00  0.00  0.00  0.00  0.00  0.00  0.00  0.00  0.00  0.00  0.00  0.00
2021 235   1  1.16  0.96  0.75  0.55  0.34  0.13  0.00  0.00  0.00  0.00  0.00  0.00  0.00  0.00  0.00  0.00  0.00  0.00  0.00  0.00
2021 235   2  1.08  0.88  0.68  0.48  0.28  0.08  0.00  0.00  0.00  0.00  0.00  0.00  0.00  0.00  0.00  0.00  0.00  0.00  0.00  0.00
2021 235   3  0.00  0.00  0.00  0.00  0.00  0.00  0.00  0.00  0.00  0.00  0.00  0.00  0.00  0.00  0.00  0.00  0.00  0.00  0.00  0.00
2021 235   4  0.36  0.33  0.28  0.20  0.11  0.00  0.00  0.00  0.00  0.00  0.00  0.00  0.00  0.00  0.00  0.00  0.00  0.00  0.00  0.00
2021 235   5  0.53  0.47  0.39  0.28  0.16  0.02  0.00  0.00  0.00  0.00  0.00  0.00  0.00  0.00  0.00  0.00  0.00  0.00  0.00  0.00
2021 235   6  0.32  0.29  0.25  0.18  0.09  0.00  0.00  0.00  0.00  0.00  0.00  0.00  0.00  0.00  0.00  0.00  0.00  0.00  0.00  0.00
2021 235   7  0.00  0.00  0.00  0.00  0.00  0.00  0.00  0.00  0.00  0.00  0.00  0.00  0.00  0.00  0.00  0.00  0.00  0.00  0.00  0.00
2021 235   8  0.34  0.30  0.26  0.25  0.34  0.41  0.45  0.50  0.55  0.63  0.75  0.77  0.50  0.00  0.00  0.00  0.00  0.00  0.00  0.00
2021 235   9  0.10  0.19  0.37  0.52  0.63  0.73  0.82  0.93  1.06  1.23  1.47  1.57  1.32  0.52  0.00  0.00  0.00  0.00  0.00  0.00
2021 235  10  1.58  1.53  1.60  1.62  1.62  1.63  1.66  1.73  1.82  1.98  2.23  2.28  1.99  1.18  0.34  0.00  0.00  0.00  0.00  0.00
2021 235  11  2.77  2.44  2.43  2.37  2.30  2.24  2.24  2.30  2.38  2.55  2.81  2.83  2.52  1.75  0.96  0.00  0.00  0.00  0.00  0.00
2021 235  12  4.65  3.96  3.77  3.52  3.28  3.09  2.98  2.95  2.96  3.08  3.28  3.22  2.88  2.20  1.46  0.00  0.00  0.00  0.00  0.00
2021 235  13  4.92  4.08  3.87  3.59  3.33  3.12  3.02  3.00  3.01  3.14  3.34  3.27  2.96  2.39  1.75  0.96  0.00  0.00  0.00  0.00
2021 235  14  6.06  4.99  4.67  4.28  3.91  3.61  3.42  3.33  3.26  3.31  3.42  3.25  2.90  2.40  1.82  1.70  0.00 -0.00  0.00  0.00
2021 235  15  7.44  6.08  5.55  4.97  4.43  3.96  3.62  3.38  3.17  3.07  3.02  2.72  2.36  2.03  1.61  1.56  0.00  0.00  0.00  0.00
2021 235  16  8.18  6.70  6.10  5.44  4.82  4.28  3.87  3.57  3.29  3.12  3.00  2.63  2.23  1.92  1.53  1.45  0.00  0.00  0.00  0.00
2021 235  17  8.11  6.59  5.94  5.23  4.57  4.00  3.55  3.19  2.85  2.61  2.41  2.00  1.63  1.44  1.16  1.13  0.00  0.00  0.00  0.00
2021 235  18  7.10  5.73  5.11  4.45  3.84  3.29  2.86  2.50  2.16  1.90  1.66  1.26  0.94  0.85  0.68  0.69  0.00  0.00  0.00  0.00
2021 235  19  6.58  5.32  4.68  4.01  3.39  2.83  2.36  1.95  1.55  1.21  0.87  0.44  0.16  0.18  0.13  0.19  0.00  0.00  0.00  0.00
2021 235  20  4.86  3.91  3.41  2.89  2.41  1.97  1.59  1.24  0.90  0.59  0.26  0.00  0.00  0.00  0.00  0.00  0.00  0.00  0.00  0.00
2021 235  21  2.73  2.19  1.89  1.59  1.30  1.03  0.78  0.55  0.32  0.08  0.00  0.00  0.00  0.00  0.00  0.00  0.00  0.00  0.00  0.00
2021 235  22  0.89  0.72  0.62  0.50  0.38  0.26  0.14  0.00  0.00  0.00  0.00  0.00  0.00  0.00  0.00  0.00  0.00  0.00  0.00  0.00
2021 235  23  0.54  0.47  0.39  0.29  0.19  0.08  0.00  0.00  0.00  0.00  0.00  0.00  0.00  0.00  0.00  0.00  0.00  0.00  0.00  0.00
2021 236   0  0.68  0.59  0.48  0.37  0.24  0.10  0.00  0.00  0.00  0.00  0.00  0.00  0.00  0.00  0.00  0.00  0.00  0.00  0.00  0.00
2021 236   1  0.05  0.11  0.14  0.14  0.11  0.03  0.00  0.00  0.00  0.00  0.00  0.00  0.00  0.00  0.00  0.00  0.00  0.00  0.00  0.00
2021 236   2  0.00  0.00  0.00  0.00  0.00  0.00  0.00  0.00  0.00  0.00  0.00  0.00  0.00  0.00  0.00  0.00  0.00  0.00  0.00  0.00
2021 236   3  0.00  0.00  0.00  0.00  0.00  0.00  0.00  0.00  0.00  0.00  0.00  0.00  0.00  0.00  0.00  0.00  0.00  0.00  0.00  0.00
2021 236   4  0.00  0.00  0.00  0.00  0.00  0.00  0.00  0.00  0.00  0.00  0.00  0.00  0.00  0.00  0.00  0.00  0.00  0.00  0.00  0.00
2021 236   5  0.00  0.00  0.00  0.00  0.00  0.00  0.00  0.00  0.00  0.00  0.00  0.00  0.00  0.00  0.00  0.00  0.00  0.00  0.00  0.00
2021 236   6  0.00  0.00  0.00  0.00  0.00  0.00  0.00  0.00  0.00  0.05  0.11  0.12  0.00  0.00  0.00  0.00  0.00  0.00  0.00  0.00
2021 236   7  0.00  0.00  0.00  0.00  0.00  0.00  0.00  0.04  0.12  0.20  0.27  0.28  0.06  0.00  0.00  0.00  0.00  0.00  0.00  0.00
2021 236   8  0.84  0.84  0.83  0.85  0.90  0.93  0.95  0.97  0.98  1.00  1.05  1.04  0.82  0.19  0.00  0.00  0.00  0.00  0.00  0.00
2021 236   9  2.78  2.47  2.37  2.24  2.10  1.96  1.85  1.75  1.64  1.55  1.47  1.32  1.06  0.60  0.12  0.00  0.00  0.00  0.00  0.00
2021 236  10  0.92  1.05  1.16  1.24  1.31  1.36  1.41  1.47  1.54  1.65  1.79  1.84  1.69  1.19  0.65  0.00  0.00  0.00  0.00  0.00
2021 236  11  1.02  1.20  1.41  1.58  1.72  1.84  1.97  2.11  2.25  2.45  2.69  2.80  2.63  2.04  1.45  0.00  0.00  0.00  0.00  0.00
2021 236  12  2.30  2.25  2.42  2.53  2.62  2.71  2.83  2.99  3.15  3.39  3.70  3.79  3.57  2.93  2.27  0.95 -0.00 -0.00  0.00  0.00
2021 236  13  7.37  6.14  5.75  5.29  4.86  4.50  4.24  4.05  3.86  3.74  3.62  3.28  2.96  2.74  2.41  2.04 -0.00  0.00  0.00  0.00
2021 236  14  4.20  3.82  3.73  3.59  3.45  3.31  3.21  3.14  3.06  3.03  3.03  2.88  2.74  2.65  2.43  2.07  0.00 -0.00  0.00  0.00
2021 236  15  4.60  4.24  4.16  4.03  3.89  3.76  3.67  3.61  3.57  3.59  3.67  3.55  3.32  2.97  2.55  2.07  0.00  0.00  0.00  0.00
2021 236  16  4.56  4.09  3.90  3.66  3.43  3.20  3.01  2.84  2.66  2.52  2.40  2.16  1.96  1.89  1.71  1.39  0.00  0.00  0.00  0.00
2021 236  17  8.31  6.97  6.36  5.71  5.08  4.52  4.03  3.59  3.13  2.70  2.25  1.68  1.33  1.44  1.41  1.21  0.00  0.00  0.00  0.00
2021 236  18  6.39  5.37  4.86  4.33  3.83  3.37  2.97  2.61  2.24  1.88  1.52  1.08  0.84  0.97  0.98  0.84  0.00  0.00  0.00  0.00
2021 236  19  4.44  3.85  3.53  3.20  2.87  2.57  2.30  2.04  1.78  1.52  1.26  0.95  0.76  0.77  0.67  0.45  0.00  0.00  0.00  0.00
2021 236  20  4.15  3.56  3.31  3.03  2.77  2.52  2.30  2.09  1.87  1.64  1.38  1.07  0.83  0.73  0.56  0.31  0.00  0.00  0.00  0.00
2021 236  21  1.81  1.56  1.53  1.46  1.39  1.33  1.26  1.19  1.09  0.98  0.83  0.64  0.44  0.24  0.00  0.00  0.00  0.00  0.00  0.00
2021 236  22  0.78  0.75  0.75  0.74  0.70  0.66  0.60  0.52  0.43  0.32  0.19  0.03  0.00  0.00  0.00  0.00  0.00  0.00  0.00  0.00
2021 236  23  1.39  1.34  1.29  1.23  1.17  1.09  1.01  0.92  0.82  0.72  0.60  0.48  0.31  0.00  0.00  0.00  0.00  0.00  0.00  0.00
2021 237   0  2.10  2.00  1.89  1.78  1.65  1.52  1.39  1.24  1.09  0.93  0.77  0.60  0.39  0.07  0.00  0.00  0.00  0.00  0.00  0.00
2021 237   1  1.24  1.20  1.15  1.09  1.03  0.97  0.89  0.82  0.73  0.64  0.55  0.45  0.30  0.03  0.00  0.00  0.00  0.00  0.00  0.00
2021 237   2  1.23  1.18  1.13  1.06  0.99  0.91  0.83  0.73  0.62  0.51  0.39  0.26  0.10  0.00  0.00  0.00  0.00  0.00  0.00  0.00
2021 237   3  1.42  1.37  1.31  1.24  1.17  1.09  1.00  0.90  0.79  0.67  0.55  0.42  0.25  0.00  0.00  0.00  0.00  0.00  0.00  0.00
2021 237   4  2.46  2.31  2.16  2.00  1.83  1.66  1.49  1.31  1.12  0.93  0.73  0.53  0.31  0.02  0.00  0.00  0.00  0.00  0.00  0.00
2021 237   5  2.63  2.42  2.20  1.99  1.79  1.59  1.39  1.21  1.03  0.85  0.68  0.52  0.33  0.05  0.00  0.00  0.00  0.00  0.00  0.00
2021 237   6  2.24  2.10  1.95  1.80  1.65  1.50  1.34  1.22  1.09  0.96  0.84  0.70  0.49  0.15  0.00  0.00  0.00  0.00  0.00  0.00
2021 237   7  2.42  2.22  2.02  1.83  1.64  1.45  1.32  1.21  1.12  1.04  0.99  0.92  0.75  0.38  0.00  0.00  0.00  0.00  0.00  0.00
2021 237   8  2.65  2.42  2.19  1.97  1.78  1.65  1.53  1.41  1.31  1.24  1.19  1.12  0.93  0.54  0.12  0.00  0.00  0.00  0.00  0.00
2021 237   9  2.74  2.50  2.26  2.02  1.86  1.74  1.63  1.53  1.44  1.39  1.38  1.32  1.15  0.77  0.36 -0.00  0.00  0.00  0.00  0.00
2021 237  10  2.45  2.26  2.17  2.08  1.97  1.87  1.77  1.70  1.63  1.61  1.63  1.59  1.44  1.12  0.73  0.00  0.00  0.00  0.00  0.00
2021 237  11  2.12  2.08  2.04  1.98  1.92  1.85  1.80  1.77  1.76  1.80  1.88  1.88  1.75  1.39  0.96  0.68  0.00  0.00  0.00  0.00
2021 237  12  1.91  1.76  1.60  1.50  1.60  1.70  1.79  1.91  2.06  2.28  2.57  2.75  2.67  2.17  1.60  1.40  0.00  0.00  0.00  0.00
2021 237  13  3.72  3.32  3.09  2.85  2.62  2.42  2.26  2.15  2.07  2.06  2.10  2.04  1.90  1.65  1.30  1.22 -0.00  0.00  0.00  0.00
2021 237  14  4.89  4.16  3.79  3.41  3.06  2.75  2.50  2.32  2.16  2.07  2.03  1.88  1.75  1.69  1.51  1.53  0.00  0.00  0.00  0.00
2021 237  15  3.03  2.71  2.59  2.44  2.29  2.17  2.09  2.05  2.03  2.07  2.17  2.14  2.06  1.89  1.63  1.57  0.00  0.00  0.00  0.00
2021 237  16  3.46  3.04  2.82  2.59  2.36  2.15  1.98  1.83  1.69  1.59  1.51  1.36  1.26  1.30  1.22  1.30  0.00  0.00  0.00  0.00
2021 237  17  3.09  2.70  2.55  2.36  2.18  2.01  1.87  1.74  1.61  1.51  1.41  1.22  1.09  1.10  1.02  1.07  0.00  0.00  0.00 -0.00
2021 237  18  3.36  2.81  2.57  2.31  2.07  1.85  1.67  1.51  1.34  1.19  1.04  0.82  0.71  0.80  0.81  0.90  0.00  0.00  0.00 -0.00
2021 237  19  2.87  2.42  2.19  1.95  1.73  1.52  1.35  1.18  1.02  0.86  0.69  0.48  0.35  0.36  0.33  0.43  0.00  0.00  0.00  0.00
2021 237  20  2.04  1.75  1.62  1.48  1.34  1.20  1.08  0.95  0.82  0.68  0.53  0.34  0.21  0.20  0.16  0.27  0.00  0.00  0.00  0.00
2021 237  21  1.60  1.43  1.35  1.25  1.15  1.05  0.95  0.84  0.72  0.59  0.44  0.27  0.12  0.03  0.00  0.00  0.00  0.00  0.00  0.00
2021 237  22  2.83  2.49  2.20  1.92  1.66  1.41  1.18  0.97  0.76  0.57  0.39  0.21  0.06  0.00  0.00  0.00  0.00  0.00  0.00  0.00
2021 237  23  2.48  2.22  1.97  1.73  1.50  1.29  1.08  0.89  0.71  0.54  0.37  0.22  0.08  0.00  0.00  0.00  0.00  0.00  0.00  0.00
2021 238   0  1.19  1.15  1.11  1.05  0.99  0.91  0.82  0.72  0.61  0.49  0.36  0.22  0.07  0.00  0.00  0.00  0.00  0.00  0.00  0.00
2021 238   1  1.38  1.29  1.19  1.09  0.99  0.88  0.77  0.65  0.52  0.39  0.26  0.12  0.00  0.00  0.00  0.00  0.00  0.00  0.00  0.00
2021 238   2  1.71  1.55  1.39  1.23  1.08  0.93  0.79  0.65  0.51  0.37  0.23  0.09  0.00  0.00  0.00  0.00  0.00  0.00  0.00  0.00
2021 238   3  1.75  1.58  1.41  1.25  1.09  0.94  0.80  0.65  0.51  0.38  0.24  0.11  0.00  0.00  0.00  0.00  0.00  0.00  0.00  0.00
2021 238   4  1.96  1.74  1.53  1.32  1.13  0.95  0.78  0.62  0.46  0.32  0.19  0.06  0.00  0.00  0.00  0.00  0.00  0.00  0.00  0.00
2021 238   5  1.87  1.66  1.46  1.27  1.09  0.91  0.75  0.59  0.45  0.31  0.18  0.06  0.00  0.00  0.00  0.00  0.00  0.00  0.00  0.00
2021 238   6  1.84  1.63  1.43  1.24  1.07  0.90  0.74  0.60  0.47  0.35  0.25  0.15  0.04  0.00  0.00  0.00  0.00  0.00  0.00  0.00
2021 238   7  1.08  0.99  0.91  0.82  0.74  0.65  0.59  0.54  0.50  0.46  0.43  0.38  0.28  0.07  0.00  0.00  0.00  0.00  0.00  0.00
2021 238   8  0.89  0.79  0.70  0.61  0.54  0.52  0.51  0.50  0.51  0.53  0.57  0.59  0.51  0.26  0.00  0.00  0.00  0.00  0.00  0.00
2021 238   9  0.73  0.61  0.57  0.53  0.49  0.47  0.48  0.50  0.55  0.62  0.72  0.77  0.73  0.49  0.21  0.00  0.00  0.00  0.00  0.00
2021 238  10  2.40  1.89  1.75  1.59  1.45  1.35  1.31  1.33  1.37  1.46  1.59  1.60  1.48  1.14  0.76  0.50  0.00  0.00  0.00  0.00
2021 238  11  2.91  2.34  2.24  2.10  1.98  1.92  1.93  2.01  2.12  2.32  2.57  2.65  2.47  1.91  1.33  1.11  0.00  0.00  0.00  0.00
2021 238  12  5.53  4.32  3.95  3.53  3.16  2.88  2.71  2.63  2.57  2.60  2.65  2.49  2.22  1.83  1.39  1.28  0.00  0.00  0.00  0.00
2021 238  13  3.72  2.92  2.71  2.47  2.25  2.09  2.02  2.02  2.04  2.13  2.26  2.21  2.11  1.97  1.73  1.78  0.00  0.00 -0.00 -0.00
2021 238  14  4.31  3.44  3.16  2.85  2.57  2.35  2.22  2.16  2.11  2.13  2.17  2.05  1.90  1.76  1.52  1.58  0.00  0.00  0.00  0.00
2021 238  15  3.42  2.82  2.61  2.37  2.15  1.97  1.84  1.76  1.69  1.67  1.69  1.57  1.44  1.38  1.23  1.37  0.00  0.00  0.00 -0.00
2021 238  16  3.63  2.97  2.70  2.41  2.14  1.92  1.75  1.65  1.55  1.52  1.52  1.39  1.29  1.25  1.13  1.25  0.00  0.00  0.00  0.00
2021 238  17  3.36  2.70  2.42  2.12  1.85  1.61  1.43  1.29  1.16  1.07  0.98  0.82  0.76  0.93  0.99  1.22  0.00  0.00  0.00  0.00
2021 238  18  4.97  3.85  3.39  2.90  2.46  2.08  1.79  1.54  1.31  1.09  0.87  0.55  0.39  0.56  0.64  0.86  0.00  0.00  0.00  0.00
2021 238  19  4.51  3.50  3.06  2.61  2.20  1.86  1.58  1.35  1.12  0.91  0.68  0.37  0.19  0.25  0.22  0.35  0.00  0.00  0.00  0.00
2021 238  20  2.76  2.14  1.87  1.58  1.33  1.11  0.93  0.78  0.63  0.49  0.35  0.16  0.03  0.01  0.00  0.00  0.00  0.00  0.00  0.00
2021 238  21  1.35  1.01  0.84  0.68  0.54  0.42  0.32  0.24  0.17  0.10  0.03  0.00  0.00  0.00  0.00  0.00  0.00  0.00  0.00  0.00
2021 238  22  0.56  0.44  0.37  0.29  0.23  0.17  0.13  0.08  0.04  0.01  0.00  0.00  0.00  0.00  0.00  0.00  0.00  0.00  0.00  0.00
2021 238  23  0.00  0.00  0.00  0.00  0.00  0.00  0.00  0.00  0.00  0.00  0.00  0.00  0.00  0.00  0.00  0.00  0.00  0.00  0.00  0.00
2021 239   0  0.00  0.00  0.00  0.00  0.00  0.00  0.00  0.00  0.00  0.00  0.00  0.00  0.00  0.00  0.00  0.00  0.00  0.00  0.00  0.00
2021 239   1  0.00  0.00  0.00  0.00  0.00  0.00  0.00  0.00  0.00  0.00  0.00  0.00  0.00  0.00  0.00  0.00  0.00  0.00  0.00  0.00
2021 239   2  0.06  0.03  0.01  0.00  0.00  0.00  0.00  0.00  0.00  0.00  0.00  0.00  0.00  0.00  0.00  0.00  0.00  0.00  0.00  0.00
2021 239   3  0.17  0.13  0.09  0.06  0.03  0.01  0.00  0.00  0.00  0.00  0.00  0.00  0.00  0.00  0.00  0.00  0.00  0.00  0.00  0.00
2021 239   4  0.11  0.08  0.05  0.02  0.01  0.00  0.01  0.01  0.00  0.00  0.00  0.00  0.00  0.00  0.00  0.00  0.00  0.00  0.00  0.00
2021 239   5  0.12  0.11  0.09  0.08  0.07  0.07  0.06  0.04  0.00  0.00  0.00  0.00  0.00  0.00  0.00  0.00  0.00  0.00  0.00  0.00
2021 239   6  0.14  0.12  0.11  0.09  0.09  0.08  0.07  0.06  0.04  0.00  0.00  0.00  0.00  0.00  0.00  0.00  0.00  0.00  0.00  0.00
2021 239   7  0.10  0.10  0.08  0.06  0.05  0.04  0.07  0.12  0.16  0.19  0.21  0.20  0.08  0.00  0.00  0.00  0.00  0.00  0.00  0.00
2021 239   8  0.09  0.07  0.06  0.07  0.10  0.13  0.16  0.19  0.22  0.24  0.27  0.26  0.17  0.00  0.00  0.00  0.00  0.00  0.00  0.00
2021 239   9  0.14  0.13  0.12  0.13  0.21  0.28  0.34  0.40  0.45  0.51  0.59  0.61  0.52  0.22  0.00  0.00  0.00  0.00  0.00  0.00
2021 239  10  2.27  2.23  2.20  2.25  2.33  2.40  2.49  2.60  2.69  4.79  0.91  0.96  0.85  0.49  0.10  0.00  0.00  0.00  0.00  0.00
2021 239  11  2.32  2.28  2.24  2.35  2.45  2.55  2.67  2.81  2.93  5.05  1.26  1.38  1.36  1.17  0.91  0.00  0.00  0.00  0.00  0.00
2021 239  12  2.56  2.62  2.70  2.75  2.80  2.85  2.91  3.02  3.13  5.24  0.19  0.08  0.00  0.00  0.00  0.69 -0.00 -0.00  0.00  0.00
2021 239  13  3.00  2.99  3.04  3.07  3.09  3.11  3.16  3.26  3.37  5.49  1.57  1.62  1.44  0.88  0.08  0.98  0.00  0.00  0.00  0.00
2021 239  14  2.94  2.92  2.97  3.01  3.04  3.08  3.14  3.20  3.24  1.33  1.40  1.46  1.40  1.19  0.91  0.87  0.00  0.00  0.00  0.00
2021 239  15  3.26  3.18  3.21  3.22  3.23  3.24  3.27  3.31  3.34  1.44  1.45  1.49  1.41  1.18  0.87  0.83  0.00  0.00  0.00  0.00
2021 239  16  2.95  2.92  2.96  2.98  2.99  3.00  3.05  3.13  3.20  4.25  1.28  1.33  1.25  1.00  0.69  0.67  0.00  0.00  0.00  0.00
2021 239  17  3.31  3.16  3.12  3.06  3.00  2.95  2.94  2.97  2.98  0.88  0.82  0.78  0.68  0.54  0.32  0.39  0.00  0.00  0.00  0.00
2021 239  18  3.30  3.12  3.05  2.96  2.87  2.80  2.74  2.73  2.71  0.57  0.39  0.30  0.20  0.11  0.00  0.09  0.00  0.00  0.00  0.00
2021 239  19  1.94  1.54  1.37  1.18  1.02  0.87  0.75  0.68  0.61  0.35  0.04  0.00  0.00  0.00  0.00  0.00  0.00  0.00  0.00  0.00
2021 239  20  3.18  2.96  2.84  2.71  2.59  2.49  2.41  2.34  2.21  0.03  0.00  0.00  0.00  0.00  0.00  0.00  0.00  0.00  0.00  0.00
2021 239  21  0.95  0.74  0.63  0.52  0.43  0.36  0.31  0.23  0.10  0.00  0.00  0.00  0.00  0.00  0.00  0.00  0.00  0.00  0.00  0.00
2021 239  22  0.26  0.18  0.13  0.09  0.05  0.03  0.04  0.00  0.00  0.00  0.00  0.00  0.00  0.00  0.00  0.00  0.00  0.00  0.00  0.00
2021 239  23  0.00  0.00  0.00  0.00  0.00  0.00  0.00  0.00  0.00  0.00  0.00  0.00  0.00  0.00  0.00  0.00  0.00  0.00  0.00  0.00
2021 240   0  0.00  0.00  0.00  0.00  0.00  0.00  0.00  0.00  0.00  0.00  0.00  0.00  0.00  0.00  0.00  0.00  0.00  0.00  0.00  0.00
2021 240   1  0.00  0.00  0.00  0.00  0.00  0.00  0.00  0.00  0.00  0.00  0.00  0.00  0.00  0.00  0.00  0.00  0.00  0.00  0.00  0.00
2021 240   2  0.00  0.00  0.00  0.00  0.00  0.00  0.00  0.00  0.00  0.00  0.00  0.00  0.00  0.00  0.00  0.00  0.00  0.00  0.00  0.00
2021 240   3  0.00  0.00  0.00  0.00  0.00  0.00  0.00  0.00  0.00  0.00  0.00  0.00  0.00  0.00  0.00  0.00  0.00  0.00  0.00  0.00
2021 240   4  0.00  0.00  0.00  0.00  0.00  0.00  0.00  0.00  0.00  0.00  0.00  0.00  0.00  0.00  0.00  0.00  0.00  0.00  0.00  0.00
2021 240   5  0.00  0.00  0.00  0.00  0.00  0.00  0.00  0.00  0.00  0.00  0.00  0.00  0.00  0.00  0.00  0.00  0.00  0.00  0.00  0.00
2021 240   6  0.00  0.00  0.00  0.00  0.00  0.00  0.00  0.00  0.00  0.00  0.00  0.00  0.00  0.00  0.00  0.00  0.00  0.00  0.00  0.00
2021 240   7  0.00  0.00  0.00  0.00  0.00  0.00  0.00  0.00  0.00  0.00  0.00  0.00  0.00  0.00  0.00  0.00  0.00  0.00  0.00  0.00
2021 240   8  0.02  0.00  0.00  0.00  0.00  0.00  0.00  0.00  0.00  0.00  0.00  0.00  0.00  0.00  0.00  0.00  0.00  0.00  0.00  0.00
2021 240   9  0.00  0.00  0.03  0.13  0.20  0.25  0.30  0.35  0.40  0.00  0.00  0.00  0.00  0.00  0.00  0.00  0.00  0.00  0.00  0.00
2021 240  10  0.00  0.00  0.00  0.15  0.34  0.49  0.61  0.74  0.87  0.76  1.45  1.56  0.77  0.00  0.00  0.00  0.00  0.00  0.00  0.00
2021 240  11  0.16  0.17  0.42  0.60  0.74  0.84  0.93  1.03  1.14  1.58  1.99  2.19  2.06  0.24  0.00  0.00  0.00  0.00  0.00  0.00
2021 240  12  0.05  0.37  0.65  0.86  1.03  1.15  1.28  1.43  1.58  1.93  2.36  2.56  2.41  1.71  0.00  0.00  0.00  0.00  0.00  0.00
2021 240  13  2.98  2.60  2.62  2.59  2.55  2.50  2.51  2.55  2.61  2.76  3.08  3.11  2.79  1.98  0.09  0.00  0.00  0.00  0.00  0.00
2021 240  14  2.96  2.43  2.34  2.23  2.13  2.05  2.01  2.01  2.01  2.04  2.23  2.18  1.91  1.36  0.79 -0.00  0.00  0.00  0.00  0.00
2021 240  15  4.72  3.76  3.51  3.21  2.92  2.66  2.48  2.34  2.19  2.05  2.06  1.84  1.53  1.16  0.73  0.44  0.00  0.00  0.00  0.00
2021 240  16  2.75  2.28  2.22  2.11  1.99  1.88  1.80  1.74  1.68  1.59  1.67  1.57  1.41  1.19  0.91  0.85 -0.00  0.00  0.00  0.00
2021 240  17  2.26  1.85  1.74  1.64  1.59  1.56  1.53  1.48  1.40  1.42  1.26  1.14  0.96  0.77  0.55  0.52  0.00  0.00  0.00  0.00
2021 240  18  3.02  2.37  2.15  1.94  1.78  1.64  1.50  1.36  1.17  1.06  0.76  0.52  0.31  0.26  0.17  0.22  0.00  0.00  0.00  0.00
2021 240  19  1.20  1.09  1.12  1.10  1.05  0.97  0.89  0.78  0.65  0.58  0.34  0.21  0.09  0.03  0.00  0.00  0.00  0.00  0.00  0.00
2021 240  20  0.98  0.75  0.69  0.68  0.69  0.67  0.62  0.53  0.40  0.30  0.04  0.00  0.00  0.00  0.00  0.00  0.00  0.00  0.00  0.00
2021 240  21  0.50  0.39  0.35  0.34  0.40  0.44  0.42  0.35  0.24  0.14  0.00  0.00  0.00  0.00  0.00  0.00  0.00  0.00  0.00  0.00
2021 240  22  0.09  0.08  0.12  0.21  0.29  0.32  0.30  0.23  0.12  0.04  0.00  0.00  0.00  0.00  0.00  0.00  0.00  0.00  0.00  0.00
2021 240  23  0.00  0.00  0.00  0.06  0.15  0.19  0.18  0.11  0.01  0.00  0.00  0.00  0.00  0.00  0.00  0.00  0.00  0.00  0.00  0.00
2021 241   0  0.00  0.00  0.00  0.00  0.00  0.00  0.00  0.00  0.00  0.00  0.00  0.00  0.00  0.00  0.00  0.00  0.00  0.00  0.00  0.00
2021 241   1  0.00  0.00  0.00  0.00  0.00  0.00  0.00  0.00  0.00  0.00  0.00  0.00  0.00  0.00  0.00  0.00  0.00  0.00  0.00  0.00
2021 241   2  0.10  0.07  0.05  0.06  0.12  0.18  0.14  0.02  0.00  0.00  0.00  0.00  0.00  0.00  0.00  0.00  0.00  0.00  0.00  0.00
2021 241   3  0.09  0.06  0.03  0.04  0.08  0.15  0.12  0.00  0.00  0.00  0.00  0.00  0.00  0.00  0.00  0.00  0.00  0.00  0.00  0.00
2021 241   4  0.24  0.19  0.15  0.10  0.06  0.07  0.07  0.00  0.00  0.00  0.00  0.00  0.00  0.00  0.00  0.00  0.00  0.00  0.00  0.00
2021 241   5  0.18  0.14  0.10  0.07  0.03  0.05  0.06  0.00  0.00  0.00  0.00  0.00  0.00  0.00  0.00  0.00  0.00  0.00  0.00  0.00
2021 241   6  0.18  0.14  0.11  0.07  0.04  0.00  0.00  0.00  0.00  0.00  0.00  0.00  0.00  0.00  0.00  0.00  0.00  0.00  0.00  0.00
2021 241   7  0.15  0.11  0.08  0.04  0.01  0.00  0.00  0.00  0.00  0.00  0.00  0.00  0.00  0.00  0.00  0.00  0.00  0.00  0.00  0.00
2021 241   8  0.23  0.18  0.13  0.08  0.03  0.00  0.00  0.00  0.00  0.00  0.00  0.00  0.00  0.00  0.00  0.00  0.00  0.00  0.00  0.00
2021 241   9  0.52  0.41  0.31  0.21  0.12  0.02  0.09  0.21  0.22  0.22  0.00  0.00  0.00  0.00  0.00  0.00  0.00  0.00  0.00  0.00
2021 241  10  0.54  0.45  0.34  0.24  0.13  0.02  0.17  0.29  0.25  0.19  0.23  0.00  0.00  0.00  0.00  0.00  0.00  0.00  0.00  0.00
2021 241  11  0.54  0.54  0.45  0.43  0.58  0.74  0.80  0.76  0.65  0.57  1.02  0.91  0.07  0.00  0.00  0.00  0.00  0.00  0.00  0.00
2021 241  12  4.10  3.46  3.21  2.94  2.67  2.37  2.07  1.78  1.45  1.18  1.36  1.04  0.72  0.00  0.00  0.00  0.00  0.00  0.00  0.00
2021 241  13  3.89  3.19  2.98  2.73  2.50  2.28  2.08  1.89  1.67  1.52  1.69  1.46  1.16  0.33  0.00  0.00  0.00  0.00  0.00  0.00
2021 241  14  4.23  3.41  3.12  2.80  2.51  2.26  2.05  1.86  1.64  1.48  1.57  1.31  0.96  0.57  0.00  0.00  0.00  0.00  0.00  0.00
2021 241  15  4.81  3.80  3.40  2.96  2.56  2.22  1.95  1.70  1.40  1.14  1.08  0.73  0.42  0.29  0.00 -0.00  0.00  0.00  0.00  0.00
2021 241  16  3.08  2.46  2.24  1.99  1.77  1.58  1.44  1.28  1.06  0.85  0.69  0.68  0.44  0.38  0.00 -0.00  0.00 -0.00  0.00  0.00
2021 241  17  3.14  2.45  2.19  1.92  1.67  1.47  1.28  1.05  0.75  0.47  0.20  0.00  0.00  0.00  0.00  0.00  0.00  0.00  0.00  0.00
2021 241  18  4.19  3.35  3.02  2.66  2.29  1.93  1.59  1.26  0.88  0.54  0.23  0.00  0.00  0.00  0.00  0.00  0.00  0.00  0.00  0.00
2021 241  19  2.05  1.63  1.42  1.22  1.03  0.86  0.69  0.45  0.14  0.00  0.00  0.00  0.00  0.00  0.00  0.00  0.00  0.00  0.00  0.00
2021 241  20  1.47  1.09  0.88  0.66  0.46  0.28  0.11  0.00  0.00  0.00  0.00  0.00  0.00  0.00  0.00  0.00  0.00  0.00  0.00  0.00
2021 241  21  0.29  0.17  0.13  0.10  0.07  0.00  0.00  0.00  0.00  0.00  0.00  0.00  0.00  0.00  0.00  0.00  0.00  0.00  0.00  0.00
2021 241  22  0.00  0.00  0.00  0.00  0.00  0.00  0.00  0.00  0.00  0.00  0.00  0.00  0.00  0.00  0.00  0.00  0.00  0.00  0.00  0.00
2021 241  23  0.00  0.00  0.00  0.00  0.00  0.00  0.00  0.00  0.00  0.00  0.00  0.00  0.00  0.00  0.00  0.00  0.00  0.00  0.00  0.00
2021 242   0  0.00  0.00  0.00  0.00  0.00  0.00  0.00  0.00  0.00  0.00  0.00  0.00  0.00  0.00  0.00  0.00  0.00  0.00  0.00  0.00
2021 242   1  0.00  0.00  0.00  0.00  0.00  0.00  0.00  0.00  0.00  0.00  0.00  0.00  0.00  0.00  0.00  0.00  0.00  0.00  0.00  0.00
2021 242   2  0.00  0.00  0.00  0.00  0.00  0.00  0.00  0.00  0.00  0.00  0.00  0.00  0.00  0.00  0.00  0.00  0.00  0.00  0.00  0.00
2021 242   3  0.07  0.02  0.00  0.00  0.00  0.00  0.00  0.00  0.00  0.00  0.00  0.00  0.00  0.00  0.00  0.00  0.00  0.00  0.00  0.00
2021 242   4  0.11  0.07  0.02  0.00  0.00  0.00  0.00  0.00  0.00  0.00  0.00  0.00  0.00  0.00  0.00  0.00  0.00  0.00  0.00  0.00
2021 242   5  0.20  0.14  0.10  0.08  0.08  0.02  0.00  0.00  0.00  0.00  0.00  0.00  0.00  0.00  0.00  0.00  0.00  0.00  0.00  0.00
2021 242   6  0.23  0.19  0.14  0.11  0.08  0.00  0.00  0.00  0.00  0.00  0.00  0.00  0.00  0.00  0.00  0.00  0.00  0.00  0.00  0.00
2021 242   7  0.52  0.52  0.51  0.38  0.26  0.10  0.00  0.00  0.00  0.00  0.00  0.00  0.00  0.00  0.00  0.00  0.00  0.00  0.00  0.00
2021 242   8  0.53  0.52  0.52  0.40  0.24  0.15  0.00  0.00  0.00  0.00  0.00  0.00  0.00  0.00  0.00  0.00  0.00  0.00  0.00  0.00
2021 242   9  0.53  0.53  0.52  0.34  0.31  0.29  0.10  0.00  0.00  0.00  0.00  0.00  0.00  0.00  0.00  0.00  0.00  0.00  0.00  0.00
2021 242  10  0.54  0.53  0.52  0.44  0.52  0.47  0.32  0.00  0.00  0.00  0.00  0.00  0.00  0.00  0.00  0.00  0.00  0.00  0.00  0.00
2021 242  11  1.22  1.30  1.48  1.41  1.32  1.01  0.73  0.40  0.00  0.00  0.00  0.00  0.00  0.00  0.00  0.00  0.00  0.00  0.00  0.00
2021 242  12  3.30  2.70  2.52  2.17  1.86  1.23  0.73  0.39  0.00  0.00  0.00  0.00  0.00  0.00  0.00  0.00  0.00  0.00  0.00  0.00
2021 242  13  5.71  4.09  3.62  2.88  2.28  1.25  0.59  0.21  0.00  0.00  0.00  0.00  0.00  0.00  0.00  0.00  0.00  0.00  0.00  0.00
2021 242  14  6.35  4.73  4.10  3.16  2.42  1.25  0.52  0.13  0.00  0.00  0.00  0.00  0.00  0.00  0.00  0.00  0.00  0.00  0.00  0.00
2021 242  15  6.34  4.72  4.10  3.19  2.47  1.31  0.58  0.19  0.00  0.00  0.00  0.00  0.00  0.00  0.00  0.00  0.00  0.00  0.00  0.00
2021 242  16  5.97  4.17  3.62  2.81  2.16  1.09  0.42  0.07  0.00  0.00  0.00  0.00  0.00  0.00  0.00  0.00  0.00  0.00  0.00  0.00
2021 242  17  5.51  3.83  3.29  2.51  1.88  0.86  0.20  0.00  0.00  0.00  0.00  0.00  0.00  0.00  0.00  0.00  0.00  0.00  0.00  0.00
2021 242  18  4.94  3.42  2.89  2.14  1.50  0.52  0.00  0.00  0.00  0.00  0.00  0.00  0.00  0.00  0.00  0.00  0.00  0.00  0.00  0.00
2021 242  19  3.91  2.67  2.23  1.59  1.00  0.12  0.00  0.00  0.00  0.00  0.00  0.00  0.00  0.00  0.00  0.00  0.00  0.00  0.00  0.00
2021 242  20  2.44  1.58  1.27  0.84  0.38  0.00  0.00  0.00  0.00  0.00  0.00  0.00  0.00  0.00  0.00  0.00  0.00  0.00  0.00  0.00
2021 242  21  1.03  0.61  0.37  0.01  0.00  0.00  0.00  0.00  0.00  0.00  0.00  0.00  0.00  0.00  0.00  0.00  0.00  0.00  0.00  0.00
2021 242  22  0.00  0.00  0.00  0.00  0.00  0.00  0.00  0.00  0.00  0.00  0.00  0.00  0.00  0.00  0.00  0.00  0.00  0.00  0.00  0.00
2021 242  23  0.00  0.00  0.00  0.00  0.00  0.00  0.00  0.00  0.00  0.00  0.00  0.00  0.00  0.00  0.00  0.00  0.00  0.00  0.00  0.00
2021 243   0  0.00  0.00  0.00  0.00  0.00  0.00  0.00  0.00  0.00  0.00  0.00  0.00  0.00  0.00  0.00  0.00  0.00  0.00  0.00  0.00
2021 243   1  0.00  0.00  0.00  0.00  0.00  0.00  0.00  0.00  0.00  0.00  0.00  0.00  0.00  0.00  0.00  0.00  0.00  0.00  0.00  0.00
2021 243   2  0.00  0.00  0.00  0.00  0.00  0.00  0.00  0.00  0.00  0.00  0.00  0.00  0.00  0.00  0.00  0.00  0.00  0.00  0.00  0.00
2021 243   3  0.00  0.00  0.00  0.00  0.00  0.00  0.00  0.00  0.00  0.00  0.00  0.00  0.00  0.00  0.00  0.00  0.00  0.00  0.00  0.00
2021 243   4  0.00  0.00  0.00  0.00  0.00  0.00  0.00  0.00  0.00  0.00  0.00  0.00  0.00  0.00  0.00  0.00  0.00  0.00  0.00  0.00
2021 243   5  0.00  0.00  0.00  0.00  0.00  0.00  0.00  0.00  0.00  0.00  0.00  0.00  0.00  0.00  0.00  0.00  0.00  0.00  0.00  0.00
2021 243   6  0.00  0.00  0.00  0.00  0.00  0.00  0.00  0.00  0.00  0.00  0.00  0.00  0.00  0.00  0.00  0.00  0.00  0.00  0.00  0.00
2021 243   7  0.00  0.00  0.00  0.00  0.00  0.00  0.00  0.00  0.00  0.00  0.00  0.00  0.00  0.00  0.00  0.00  0.00  0.00  0.00  0.00
2021 243   8  0.00  0.00  0.00  0.00  0.00  0.00  0.00  0.00  0.00  0.00  0.00  0.00  0.00  0.00  0.00  0.00  0.00  0.00  0.00  0.00
2021 243   9  0.00  0.00  0.00  0.00  0.00  0.00  0.00  0.00  0.00  0.00  0.00  0.00  0.00  0.00  0.00  0.00  0.00  0.00  0.00  0.00
2021 243  10  0.00  0.00  0.00  0.00  0.00  0.00  0.00  0.00  0.00  0.00  0.00  0.00  0.00  0.00  0.00  0.00  0.00  0.00  0.00  0.00
2021 243  11  0.61  0.26  0.23  0.05  0.00  0.00  0.00  0.00  0.00  0.00  0.00  0.00  0.00  0.00  0.00  0.00  0.00  0.00  0.00  0.00
2021 243  12  2.14  1.55  1.23  0.93  0.71  0.11  0.00  0.00  0.00  0.00  0.00  0.00  0.00  0.00  0.00  0.00  0.00  0.00  0.00  0.00
2021 243  13  3.33  2.46  2.30  1.91  1.30  0.53  0.10  0.00  0.00  0.00  0.00  0.00  0.00  0.00  0.00  0.00  0.00  0.00  0.00  0.00
2021 243  14  4.23  3.10  2.78  2.18  1.74  0.84  0.32  0.01  0.00  0.00  0.00  0.00  0.00  0.00  0.00  0.00  0.00  0.00  0.00  0.00
2021 243  15  4.78  3.44  3.07  2.42  1.90  0.92  0.38  0.05  0.00  0.00  0.00  0.00  0.00  0.00  0.00  0.00  0.00  0.00  0.00  0.00
2021 243  16  5.29  3.76  3.28  2.52  1.94  0.91  0.32  0.00  0.00  0.00  0.00  0.00  0.00  0.00  0.00  0.00  0.00  0.00  0.00  0.00
2021 243  17  4.77  3.38  2.87  2.15  1.58  0.62  0.04  0.00  0.00  0.00  0.00  0.00  0.00  0.00  0.00  0.00  0.00  0.00  0.00  0.00
2021 243  18  3.57  2.69  2.32  1.79  1.32  0.55  0.00  0.00  0.00  0.00  0.00  0.00  0.00  0.00  0.00  0.00  0.00  0.00  0.00  0.00
2021 243  19  3.19  2.34  1.97  1.45  0.95  0.17  0.00  0.00  0.00  0.00  0.00  0.00  0.00  0.00  0.00  0.00  0.00  0.00  0.00  0.00
2021 243  20  1.91  1.20  0.81  0.28  0.00  0.00  0.00  0.00  0.00  0.00  0.00  0.00  0.00  0.00  0.00  0.00  0.00  0.00  0.00  0.00
2021 243  21  0.53  0.01  0.00  0.00  0.00  0.00  0.00  0.00  0.00  0.00  0.00  0.00  0.00  0.00  0.00  0.00  0.00  0.00  0.00  0.00
2021 243  22  0.00  0.00  0.00  0.00  0.00  0.00  0.00  0.00  0.00  0.00  0.00  0.00  0.00  0.00  0.00  0.00  0.00  0.00  0.00  0.00
2021 243  23  0.00  0.00  0.00  0.00  0.00  0.00  0.00  0.00  0.00  0.00  0.00  0.00  0.00  0.00  0.00  0.00  0.00  0.00  0.00  0.00
