 Year Day Hour 100m 200m 300m 400m 500m 600m 700m 800m 900m 1000m 1100m 1200m 1300m 1400m 1500m 1600m 1700m 1800m 1900m 2000m
2021 213   0  4.12  4.04  3.96  3.88  3.80  3.72  3.65  3.57  3.49  3.41  3.33  3.25  3.23  3.31  3.39  3.47  3.55  3.63  3.71  3.79
2021 213   1  3.87  3.76  3.64  3.53  3.42  3.31  3.20  3.08  2.97  2.86  2.75  2.64  2.65  2.94  3.23  3.52  3.81  4.10  4.39  4.68
2021 213   2  4.32  4.20  4.08  3.96  3.84  3.72  3.60  3.49  3.37  3.25  3.13  3.01  3.02  3.32  3.61  3.90  4.20  4.49  4.79  5.08
2021 213   3  4.54  4.37  4.20  4.04  3.87  3.70  3.53  3.36  3.19  3.02  2.85  2.68  2.70  3.12  3.53  3.95  4.36  4.77  5.19  5.60
2021 213   4  5.01  4.78  4.55  4.33  4.10  3.88  3.65  3.43  3.20  2.97  2.75  2.52  2.56  3.15  3.74  4.33  4.91  5.50  6.09  6.68
2021 213   5  2.37  2.56  2.75  2.93  3.12  3.31  3.50  3.68  3.87  4.06  4.24  4.43  4.64  4.89  5.14  5.39  5.64  5.89  6.14  6.39
2021 213   6  2.42  2.58  2.74  2.90  3.06  3.22  3.38  3.54  3.69  3.85  4.01  4.17  4.39  4.73  5.07  5.42  5.76  6.10  6.45  6.79
2021 213   7  1.96  2.19  2.42  2.66  2.89  3.13  3.36  3.59  3.83  4.06  4.30  4.53  4.80  5.14  5.49  5.83  6.18  6.52  6.87  7.21
2021 213   8  2.40  2.61  2.81  3.02  3.23  3.43  3.64  3.85  4.06  4.26  4.47  4.68  4.95  5.35  5.75  6.16  6.56  6.96  7.36  7.76
2021 213   9  2.85  3.01  3.17  3.33  3.49  3.65  3.81  3.97  4.13  4.29  4.45  4.61  4.83  5.18  5.52  5.86  6.21  6.55  6.90  7.24
2021 213  10  2.27  2.54  2.80  3.06  3.32  3.59  3.85  4.11  4.37  4.64  4.90  5.16  5.45  5.78  6.11  6.45  6.78  7.12  7.45  7.78
2021 213  11  0.19  0.67  1.15  1.63  2.11  2.59  3.07  3.56  4.04  4.52  5.00  5.48  5.89  6.13  6.37  6.61  6.84  7.08  7.32  7.56
2021 213  12  1.22  1.62  2.01  2.41  2.81  3.20  3.60  3.99  4.39  4.79  5.18  5.58  5.92  6.14  6.35  6.57  6.79  7.00  7.22  7.44
2021 213  13  3.38  3.51  3.65  3.78  3.92  4.05  4.19  4.33  4.46  4.60  4.73  4.87  5.10  5.54  5.98  6.42  6.86  7.30  7.74  8.19
2021 213  14  2.92  3.23  3.54  3.86  4.17  4.48  4.79  5.11  5.42  5.73  6.05  6.36  6.63  6.83  7.02  7.22  7.42  7.61  7.81  8.00
2021 213  15  4.01  4.22  4.43  4.64  4.85  5.06  5.27  5.48  5.70  5.91  6.12  6.33  6.53  6.71  6.90  7.08  7.26  7.45  7.63  7.81
2021 213  16  0.77  1.29  1.81  2.33  2.84  3.36  3.88  4.39  4.91  5.43  5.94  6.46  6.87  7.06  7.25  7.44  7.63  7.81  8.00  8.19
2021 213  17  2.83  3.23  3.63  4.03  4.42  4.82  5.22  5.62  6.01  6.41  6.81  7.21  7.55  7.77  7.98  8.20  8.42  8.63  8.85  9.07
2021 213  18  5.52  5.68  5.83  5.98  6.13  6.28  6.44  6.59  6.74  6.89  7.04  7.20  7.40  7.70  8.00  8.30  8.60  8.90  9.20  9.50
2021 213  19  6.51  6.56  6.60  6.65  6.69  6.74  6.78  6.83  6.87  6.92  6.96  7.01  7.16  7.51  7.87  8.23  8.59  8.95  9.31  9.66
2021 213  20  7.88  7.83  7.78  7.74  7.69  7.64  7.60  7.55  7.50  7.45  7.41  7.36  7.46  7.87  8.27  8.68  9.09  9.50  9.90 10.31
2021 213  21  7.88  7.86  7.84  7.82  7.80  7.78  7.76  7.75  7.73  7.71  7.69  7.67  7.82  8.32  8.82  9.33  9.83 10.33 10.83 11.33
2021 213  22  6.45  6.53  6.61  6.69  6.77  6.85  6.93  7.01  7.09  7.18  7.26  7.34  7.59  8.23  8.86  9.49 10.12 10.76 11.39 12.02
2021 213  23  6.00  6.20  6.40  6.60  6.81  7.01  7.21  7.41  7.61  7.82  8.02  8.22  8.53  9.06  9.58 10.11 10.63 11.16 11.69 12.21
2021 214   0  4.96  5.26  5.55  5.84  6.13  6.43  6.72  7.01  7.30  7.60  7.89  8.18  8.49  8.82  9.16  9.50  9.84 10.18 10.51 10.85
2021 214   1  5.85  6.10  6.35  6.60  6.85  7.10  7.34  7.59  7.84  8.09  8.34  8.59  8.85  9.12  9.39  9.66  9.93 10.20 10.47 10.74
2021 214   2  3.76  4.26  4.76  5.26  5.75  6.25  6.75  7.25  7.75  8.24  8.74  9.24  9.69 10.05 10.41 10.77 11.13 11.49 11.85 12.20
2021 214   3  3.43  4.01  4.59  5.17  5.75  6.32  6.90  7.48  8.06  8.64  9.22  9.80 10.35 10.84 11.33 11.81 12.31 12.79 13.28 13.77
2021 214   4  2.61  3.27  3.93  4.59  5.25  5.91  6.57  7.23  7.89  8.55  9.21  9.87 10.45 10.85 11.26 11.66 12.06 12.47 12.87 13.28
2021 214   5  5.83  6.15  6.47  6.79  7.11  7.43  7.76  8.08  8.40  8.72  9.04  9.36  9.75 10.27 10.80 11.33 11.85 12.38 12.91 13.43
2021 214   6  8.83  8.84  8.85  8.86  8.87  8.87  8.88  8.89  8.90  8.91  8.92  8.92  9.09  9.57 10.06 10.54 11.03 11.52 12.00 12.49
2021 214   7  7.23  7.26  7.29  7.32  7.36  7.39  7.42  7.45  7.48  7.51  7.55  7.58  7.75  8.23  8.71  9.19  9.67 10.15 10.63 11.11
2021 214   8  7.18  7.21  7.24  7.27  7.30  7.33  7.36  7.39  7.42  7.45  7.48  7.51  7.70  8.25  8.79  9.34  9.88 10.42 10.97 11.51
2021 214   9  3.28  3.70  4.12  4.54  4.96  5.38  5.80  6.22  6.64  7.05  7.47  7.89  8.31  8.70  9.09  9.49  9.88 10.27 10.67 11.06
2021 214  10  5.21  5.44  5.67  5.90  6.12  6.35  6.58  6.81  7.03  7.26  7.49  7.72  8.02  8.49  8.97  9.44  9.91 10.38 10.85 11.32
2021 214  11  1.92  2.45  2.99  3.52  4.05  4.59  5.12  5.65  6.19  6.72  7.25  7.79  8.25  8.56  8.86  9.17  9.48  9.79 10.10 10.40
2021 214  12  2.41  2.89  3.36  3.83  4.30  4.78  5.25  5.72  6.20  6.67  7.14  7.62  8.03  8.33  8.63  8.93  9.22  9.52  9.82 10.12
2021 214  13  2.87  3.14  3.41  3.69  3.96  4.24  4.51  4.79  5.06  5.34  5.61  5.88  6.19  6.57  6.95  7.34  7.72  8.10  8.48  8.86
2021 214  14  4.12  4.28  4.43  4.58  4.73  4.88  5.04  5.19  5.34  5.49  5.64  5.80  5.99  6.27  6.55  6.83  7.11  7.39  7.67  7.95
2021 214  15  4.07  4.33  4.58  4.84  5.09  5.35  5.61  5.86  6.12  6.37  6.63  6.89  7.05  7.00  6.95  6.90  6.86  6.81  6.76  6.71
2021 214  16  3.68  3.96  4.24  4.52  4.80  5.07  5.35  5.63  5.91  6.19  6.47  6.75  6.75  6.15  5.56  4.96  4.36  3.77  3.17  2.58
2021 214  17  3.05  3.43  3.81  4.20  4.58  4.96  5.34  5.73  6.11  6.49  6.88  7.26  7.29  6.58  5.87  5.16  4.45  3.74  3.03  2.32
2021 214  18  2.48  2.91  3.34  3.78  4.21  4.64  5.07  5.50  5.93  6.36  6.80  7.23  7.25  6.40  5.55  4.70  3.85  3.00  2.15  1.30
2021 214  19  2.42  2.71  3.00  3.29  3.59  3.88  4.17  4.46  4.75  5.04  5.33  5.62  5.59  4.88  4.16  3.45  2.73  2.02  1.30  0.59
2021 214  20  4.73  4.61  4.49  4.36  4.24  4.12  4.00  3.88  3.76  3.64  3.52  3.40  3.27  3.10  2.93  2.77  2.60  2.44  2.27  2.10
2021 214  21  4.22  4.17  4.11  4.05  4.00  3.94  3.88  3.83  3.77  3.71  3.66  3.60  3.45  3.11  2.77  2.43  2.10  1.76  1.42  1.08
2021 214  22  1.33  1.53  1.72  1.92  2.11  2.30  2.50  2.69  2.89  3.08  3.27  3.47  3.55  3.39  3.23  3.07  2.91  2.75  2.60  2.43
2021 214  23  0.94  1.13  1.31  1.50  1.68  1.87  2.06  2.24  2.43  2.61  2.80  2.98  3.02  2.74  2.46  2.18  1.90  1.62  1.34  1.06
2021 215   0  1.17  1.30  1.43  1.56  1.69  1.82  1.95  2.08  2.21  2.34  2.47  2.60  2.64  2.51  2.37  2.23  2.09  1.95  1.81  1.67
2021 215   1  0.32  0.54  0.76  0.98  1.20  1.42  1.64  1.86  2.07  2.29  2.51  2.73  2.90  2.97  3.05  3.12  3.19  3.26  3.33  3.40
2021 215   2  1.23  1.37  1.50  1.64  1.78  1.91  2.05  2.19  2.33  2.46  2.60  2.74  2.87  3.01  3.14  3.28  3.41  3.55  3.68  3.82
2021 215   3  2.40  2.38  2.35  2.32  2.30  2.27  2.24  2.21  2.19  2.16  2.13  2.11  2.21  2.60  2.98  3.37  3.75  4.14  4.52  4.91
2021 215   4  2.54  2.48  2.42  2.36  2.30  2.24  2.18  2.12  2.06  2.00  1.94  1.88  1.97  2.39  2.81  3.22  3.64  4.05  4.47  4.89
2021 215   5  2.60  2.53  2.47  2.40  2.33  2.27  2.20  2.13  2.07  2.00  1.93  1.87  1.96  2.40  2.83  3.27  3.71  4.14  4.58  5.02
2021 215   6  2.02  2.06  2.09  2.13  2.16  2.19  2.23  2.27  2.30  2.34  2.37  2.41  2.53  2.83  3.14  3.44  3.74  4.05  4.35  4.66
2021 215   7  1.55  1.64  1.73  1.82  1.91  2.00  2.09  2.17  2.26  2.35  2.44  2.53  2.70  3.04  3.38  3.72  4.06  4.40  4.74  5.09
2021 215   8  0.87  1.07  1.26  1.45  1.64  1.84  2.03  2.22  2.41  2.61  2.80  2.99  3.24  3.63  4.02  4.41  4.80  5.19  5.58  5.97
2021 215   9  1.81  1.93  2.06  2.19  2.32  2.45  2.58  2.71  2.84  2.96  3.09  3.22  3.40  3.66  3.93  4.20  4.47  4.74  5.01  5.28
2021 215  10  2.18  2.27  2.36  2.45  2.54  2.63  2.72  2.81  2.89  2.98  3.07  3.16  3.32  3.61  3.90  4.20  4.50  4.79  5.09  5.38
2021 215  11  2.40  2.39  2.39  2.38  2.38  2.37  2.37  2.36  2.36  2.35  2.35  2.34  2.48  2.92  3.35  3.79  4.23  4.66  5.10  5.54
2021 215  12  3.05  2.94  2.84  2.73  2.63  2.52  2.42  2.31  2.21  2.10  2.00  1.89  2.00  2.55  3.11  3.66  4.21  4.77  5.32  5.88
2021 215  13  1.78  1.94  2.11  2.27  2.44  2.60  2.77  2.93  3.10  3.27  3.43  3.60  3.77  3.96  4.16  4.35  4.54  4.73  4.93  5.12
2021 215  14  1.86  2.05  2.24  2.43  2.62  2.81  3.00  3.19  3.38  3.56  3.75  3.94  4.10  4.18  4.27  4.35  4.44  4.53  4.61  4.70
2021 215  15  2.80  2.93  3.05  3.17  3.29  3.41  3.54  3.66  3.78  3.90  4.03  4.15  4.25  4.30  4.35  4.40  4.45  4.50  4.55  4.60
2021 215  16  3.35  3.40  3.45  3.51  3.56  3.61  3.65  3.70  3.76  3.81  3.86  3.91  3.98  4.12  4.25  4.39  4.52  4.66  4.79  4.93
2021 215  17  2.97  3.03  3.10  3.16  3.23  3.29  3.36  3.42  3.49  3.56  3.62  3.69  3.82  4.08  4.35  4.61  4.88  5.14  5.41  5.68
2021 215  18  3.65  3.64  3.63  3.63  3.62  3.62  3.61  3.60  3.60  3.59  3.58  3.58  3.69  4.05  4.42  4.78  5.15  5.51  5.88  6.24
2021 215  19  4.03  4.00  3.97  3.94  3.91  3.88  3.85  3.82  3.79  3.76  3.73  3.70  3.78  4.11  4.43  4.76  5.09  5.41  5.74  6.06
2021 215  20  5.10  4.92  4.73  4.55  4.37  4.19  4.01  3.82  3.64  3.46  3.28  3.09  3.11  3.54  3.97  4.40  4.83  5.26  5.69  6.12
2021 215  21  6.73  6.34  5.94  5.55  5.16  4.76  4.37  3.98  3.59  3.19  2.80  2.41  2.34  2.97  3.60  4.23  4.86  5.49  6.12  6.75
2021 215  22  5.62  5.42  5.22  5.02  4.82  4.62  4.42  4.22  4.02  3.82  3.62  3.42  3.44  3.96  4.48  4.99  5.51  6.02  6.54  7.05
2021 215  23  4.15  4.14  4.14  4.13  4.12  4.11  4.11  4.10  4.09  4.09  4.08  4.07  4.17  4.49  4.81  5.13  5.45  5.76  6.08  6.40
2021 216   0  4.46  4.44  4.41  4.38  4.36  4.33  4.30  4.28  4.25  4.22  4.20  4.17  4.25  4.55  4.86  5.16  5.46  5.77  6.07  6.38
2021 216   1  3.20  3.31  3.42  3.53  3.63  3.74  3.85  3.96  4.07  4.18  4.29  4.40  4.55  4.80  5.05  5.30  5.55  5.80  6.05  6.30
2021 216   2  3.03  3.18  3.35  3.51  3.67  3.83  3.99  4.15  4.31  4.47  4.63  4.79  4.97  5.18  5.38  5.59  5.80  6.01  6.22  6.42
2021 216   3  3.14  3.22  3.30  3.38  3.46  3.54  3.62  3.70  3.79  3.87  3.94  4.03  4.18  4.49  4.81  5.12  5.43  5.74  6.06  6.37
2021 216   4  3.70  3.70  3.69  3.69  3.69  3.68  3.68  3.68  3.67  3.67  3.67  3.66  3.79  4.21  4.63  5.05  5.47  5.88  6.30  6.72
2021 216   5  3.19  3.30  3.41  3.53  3.64  3.75  3.86  3.98  4.09  4.20  4.31  4.42  4.59  4.86  5.13  5.40  5.67  5.94  6.21  6.48
2021 216   6  2.82  2.96  3.10  3.25  3.39  3.53  3.67  3.82  3.96  4.10  4.24  4.38  4.53  4.70  4.87  5.04  5.20  5.37  5.54  5.71
2021 216   7  3.48  3.53  3.57  3.62  3.66  3.71  3.75  3.80  3.84  3.89  3.93  3.98  4.09  4.33  4.57  4.81  5.05  5.29  5.53  5.78
2021 216   8  2.31  2.49  2.67  2.85  3.03  3.21  3.39  3.58  3.76  3.94  4.12  4.30  4.50  4.74  4.98  5.22  5.46  5.70  5.95  6.19
2021 216   9  3.81  3.83  3.84  3.85  3.86  3.87  3.88  3.89  3.91  3.92  3.93  3.94  4.01  4.18  4.35  4.53  4.70  4.87  5.04  5.22
2021 216  10  2.66  2.82  2.98  3.14  3.29  3.45  3.61  3.76  3.92  4.08  4.24  4.39  4.50  4.51  4.52  4.53  4.54  4.55  4.55  4.56
2021 216  11  3.54  3.56  3.59  3.61  3.64  3.66  3.69  3.71  3.74  3.76  3.79  3.81  3.86  3.94  4.02  4.10  4.18  4.27  4.35  4.43
2021 216  12  3.54  3.54  3.53  3.53  3.53  3.52  3.52  3.52  3.51  3.51  3.51  3.50  3.54  3.64  3.75  3.86  3.97  4.08  4.18  4.29
2021 216  13  3.95  3.89  3.83  3.77  3.70  3.64  3.58  3.52  3.46  3.40  3.33  3.27  3.26  3.33  3.41  3.49  3.57  3.65  3.73  3.81
2021 216  14  4.21  4.11  4.00  3.90  3.80  3.69  3.59  3.48  3.38  3.28  3.17  3.07  3.01  3.04  3.06  3.09  3.11  3.14  3.17  3.19
2021 216  15  3.11  3.13  3.15  3.18  3.20  3.22  3.25  3.27  3.29  3.32  3.34  3.36  3.36  3.31  3.25  3.20  3.15  3.09  3.04  2.98
2021 216  16  4.10  4.01  3.93  3.84  3.76  3.67  3.58  3.50  3.41  3.33  3.24  3.16  3.12  3.17  3.22  3.27  3.32  3.37  3.42  3.47
2021 216  17  6.16  5.86  5.55  5.25  4.94  4.63  4.33  4.02  3.72  3.41  3.10  2.80  2.61  2.68  2.76  2.83  2.90  2.97  3.04  3.12
2021 216  18  7.14  6.73  6.31  5.89  5.48  5.06  4.64  4.23  3.81  3.40  2.98  2.56  2.29  2.32  2.35  2.37  2.40  2.43  2.46  2.48
2021 216  19  6.54  6.24  5.95  5.66  5.36  5.07  4.77  4.48  4.18  3.89  3.59  3.30  3.08  3.02  2.96  2.90  2.84  2.77  2.71  2.65
2021 216  20  5.41  5.22  5.04  4.86  4.67  4.49  4.30  4.12  3.94  3.75  3.57  3.38  3.28  3.35  3.42  3.49  3.56  3.63  3.70  3.77
2021 216  21  4.92  4.76  4.59  4.42  4.25  4.09  3.92  3.75  3.59  3.42  3.25  3.08  3.03  3.21  3.40  3.59  3.77  3.96  4.14  4.33
2021 216  22  5.26  5.07  4.89  4.71  4.52  4.34  4.16  3.97  3.79  3.60  3.42  3.23  3.16  3.34  3.51  3.68  3.86  4.03  4.20  4.38
2021 216  23  4.94  4.81  4.67  4.54  4.40  4.26  4.13  3.99  3.86  3.72  3.59  3.45  3.41  3.59  3.76  3.93  4.10  4.27  4.44  4.61
2021 217   0  3.27  3.32  3.37  3.42  3.47  3.53  3.58  3.63  3.67  3.73  3.78  3.83  3.88  3.94  4.00  4.06  4.12  4.19  4.25  4.31
2021 217   1  2.84  2.97  3.09  3.21  3.33  3.45  3.58  3.70  3.82  3.94  4.07  4.19  4.25  4.20  4.16  4.11  4.06  4.01  3.96  3.91
2021 217   2  2.66  2.83  2.99  3.15  3.31  3.47  3.63  3.79  3.95  4.11  4.27  4.43  4.53  4.48  4.44  4.39  4.35  4.31  4.26  4.22
2021 217   3  1.54  1.88  2.22  2.56  2.90  3.23  3.57  3.91  4.25  4.59  4.92  5.26  5.40  5.10  4.81  4.51  4.22  3.93  3.63  3.34
2021 217   4  2.61  2.81  3.01  3.21  3.41  3.61  3.81  4.01  4.21  4.41  4.61  4.81  4.89  4.70  4.52  4.34  4.15  3.96  3.78  3.59
2021 217   5  3.79  3.88  3.97  4.06  4.15  4.24  4.33  4.42  4.51  4.60  4.69  4.78  4.81  4.70  4.60  4.49  4.39  4.28  4.18  4.07
2021 217   6  4.95  4.94  4.93  4.92  4.91  4.90  4.89  4.88  4.87  4.86  4.85  4.84  4.80  4.71  4.62  4.53  4.44  4.35  4.26  4.16
2021 217   7  3.30  3.44  3.58  3.72  3.86  4.00  4.14  4.28  4.42  4.56  4.70  4.84  4.91  4.80  4.69  4.58  4.47  4.36  4.26  4.15
2021 217   8  2.70  2.94  3.17  3.40  3.63  3.87  4.10  4.33  4.57  4.80  5.03  5.26  5.36  5.15  4.95  4.74  4.54  4.33  4.13  3.92
2021 217   9  4.27  4.34  4.41  4.49  4.56  4.63  4.70  4.77  4.84  4.92  4.99  5.06  5.05  4.87  4.69  4.51  4.33  4.15  3.97  3.79
2021 217  10  3.90  3.92  3.93  3.94  3.96  3.97  3.98  4.00  4.01  4.02  4.04  4.05  4.14  4.41  4.68  4.94  5.21  5.47  5.74  6.01
2021 217  11  6.74  6.51  6.29  6.07  5.84  5.62  5.39  5.17  4.95  4.72  4.50  4.27  4.19  4.41  4.63  4.85  5.06  5.28  5.50  5.72
2021 217  12  5.74  5.76  5.78  5.80  5.82  5.84  5.87  5.89  5.91  5.93  5.95  5.97  6.02  6.10  6.18  6.27  6.35  6.44  6.52  6.60
2021 217  13  5.11  5.23  5.34  5.46  5.57  5.69  5.80  5.92  6.03  6.15  6.27  6.38  6.43  6.36  6.28  6.20  6.13  6.05  5.97  5.90
2021 217  14  5.18  5.35  5.52  5.69  5.86  6.03  6.20  6.37  6.54  6.71  6.88  7.05  7.13  7.01  6.90  6.78  6.66  6.55  6.43  6.31
2021 217  15  6.32  6.37  6.42  6.48  6.53  6.58  6.64  6.69  6.74  6.80  6.85  6.90  6.88  6.68  6.49  6.30  6.10  5.91  5.71  5.52
2021 217  16  6.12  6.18  6.23  6.29  6.35  6.41  6.47  6.53  6.59  6.64  6.70  6.76  6.73  6.51  6.29  6.07  5.85  5.63  5.41  5.19
2021 217  17  7.81  7.69  7.57  7.46  7.34  7.22  7.11  6.99  6.87  6.75  6.64  6.52  6.37  6.14  5.91  5.68  5.45  5.22  4.99  4.76
2021 217  18  8.74  8.53  8.31  8.10  7.88  7.67  7.46  7.24  7.03  6.81  6.60  6.39  6.18  5.99  5.80  5.61  5.42  5.23  5.04  4.84
2021 217  19  6.59  6.74  6.88  7.03  7.17  7.32  7.46  7.61  7.76  7.90  8.05  8.19  8.13  7.64  7.15  6.65  6.16  5.67  5.17  4.68
2021 217  20  6.43  6.66  6.89  7.11  7.34  7.56  7.79  8.01  8.24  8.47  8.69  8.92  8.90  8.35  7.80  7.26  6.71  6.17  5.62  5.08
2021 217  21  5.92  6.12  6.33  6.53  6.74  6.95  7.15  7.36  7.56  7.77  7.97  8.18  8.21  7.88  7.54  7.21  6.87  6.53  6.20  5.86
2021 217  22  6.10  6.25  6.40  6.54  6.69  6.84  6.98  7.13  7.28  7.43  7.57  7.72  7.76  7.59  7.41  7.23  7.06  6.88  6.70  6.53
2021 217  23  7.05  7.02  6.99  6.97  6.94  6.91  6.88  6.85  6.82  6.80  6.77  6.74  6.80  7.07  7.33  7.60  7.86  8.12  8.39  8.65
2021 218   0  5.37  5.53  5.68  5.84  5.99  6.14  6.30  6.45  6.60  6.76  6.91  7.07  7.15  7.07  7.00  6.93  6.85  6.78  6.71  6.63
2021 218   1  4.46  4.72  4.97  5.23  5.49  5.74  6.00  6.25  6.51  6.76  7.02  7.28  7.38  7.16  6.94  6.72  6.50  6.28  6.06  5.84
2021 218   2  3.22  3.64  4.06  4.48  4.90  5.32  5.75  6.17  6.59  7.01  7.43  7.85  7.98  7.47  6.97  6.47  5.97  5.46  4.96  4.45
2021 218   3  4.18  4.45  4.71  4.98  5.25  5.52  5.79  6.06  6.33  6.60  6.87  7.14  7.24  6.97  6.71  6.45  6.19  5.93  5.66  5.40
2021 218   4  4.46  4.70  4.95  5.20  5.44  5.69  5.93  6.18  6.43  6.67  6.92  7.16  7.24  6.97  6.70  6.44  6.17  5.90  5.63  5.36
2021 218   5  3.45  3.82  4.19  4.56  4.93  5.30  5.67  6.04  6.41  6.78  7.15  7.52  7.61  7.12  6.62  6.13  5.63  5.14  4.64  4.15
2021 218   6  5.17  5.37  5.57  5.77  5.98  6.18  6.38  6.58  6.78  6.99  7.19  7.39  7.39  6.95  6.51  6.07  5.63  5.20  4.76  4.32
2021 218   7  3.55  3.90  4.25  4.61  4.96  5.31  5.67  6.02  6.37  6.72  7.08  7.43  7.52  7.04  6.56  6.09  5.61  5.13  4.65  4.18
2021 218   8  2.42  2.86  3.30  3.74  4.18  4.62  5.06  5.50  5.94  6.38  6.82  7.26  7.41  6.92  6.44  5.96  5.48  4.99  4.51  4.03
2021 218   9  4.37  4.60  4.83  5.06  5.28  5.51  5.74  5.97  6.19  6.42  6.65  6.88  6.91  6.53  6.15  5.78  5.40  5.02  4.64  4.27
2021 218  10  7.18  7.12  7.06  7.00  6.93  6.87  6.81  6.75  6.69  6.63  6.56  6.50  6.36  6.03  5.71  5.38  5.05  4.73  4.41  4.08
2021 218  11  7.50  7.43  7.36  7.30  7.23  7.16  7.09  7.02  6.95  6.88  6.82  6.75  6.64  6.43  6.23  6.03  5.83  5.63  5.43  5.23
2021 218  12  7.95  7.82  7.70  7.57  7.44  7.31  7.18  7.05  6.92  6.80  6.67  6.54  6.43  6.38  6.33  6.28  6.23  6.18  6.13  6.08
2021 218  13  5.97  6.03  6.09  6.16  6.22  6.29  6.35  6.41  6.48  6.54  6.60  6.67  6.70  6.68  6.65  6.62  6.60  6.57  6.54  6.52
2021 218  14  5.08  5.22  5.36  5.49  5.63  5.77  5.91  6.05  6.19  6.33  6.47  6.61  6.72  6.80  6.88  6.96  7.04  7.12  7.20  7.28
2021 218  15  6.49  6.40  6.32  6.24  6.15  6.07  5.99  5.90  5.82  5.73  5.65  5.57  5.52  5.55  5.58  5.61  5.65  5.68  5.71  5.74
2021 218  16  6.33  6.23  6.13  6.03  5.92  5.82  5.72  5.62  5.51  5.41  5.31  5.21  5.20  5.41  5.61  5.81  6.01  6.21  6.41  6.61
2021 218  17  4.85  5.01  5.17  5.33  5.49  5.65  5.81  5.97  6.13  6.28  6.44  6.60  6.70  6.66  6.61  6.57  6.53  6.49  6.45  6.40
2021 218  18  4.78  4.88  4.98  5.08  5.18  5.28  5.38  5.48  5.58  5.68  5.78  5.88  5.99  6.09  6.20  6.31  6.42  6.53  6.64  6.74
2021 218  19  1.76  2.21  2.67  3.12  3.58  4.03  4.49  4.94  5.40  5.85  6.31  6.76  6.94  6.52  6.10  5.68  5.26  4.85  4.43  4.01
2021 218  20  5.03  5.17  5.31  5.45  5.58  5.72  5.86  6.00  6.14  6.28  6.42  6.56  6.57  6.31  6.05  5.79  5.53  5.27  5.01  4.76
2021 218  21  5.62  5.71  5.80  5.90  5.99  6.08  6.18  6.27  6.36  6.46  6.55  6.65  6.59  6.24  5.88  5.52  5.16  4.80  4.45  4.09
2021 218  22  4.73  4.84  4.95  5.07  5.18  5.29  5.40  5.52  5.63  5.74  5.85  5.96  5.98  5.79  5.59  5.40  5.21  5.02  4.82  4.63
2021 218  23  6.42  6.33  6.24  6.16  6.07  5.98  5.89  5.81  5.72  5.63  5.55  5.46  5.37  5.26  5.16  5.05  4.95  4.84  4.74  4.63
2021 219   0  7.37  7.18  7.00  6.81  6.63  6.44  6.25  6.07  5.88  5.70  5.51  5.33  5.07  4.66  4.25  3.84  3.43  3.02  2.62  2.20
2021 219   1  8.31  8.03  7.77  7.50  7.23  6.96  6.69  6.42  6.15  5.88  5.61  5.34  5.00  4.49  3.99  3.48  2.98  2.47  1.97  1.46
2021 219   2  8.58  8.29  8.00  7.71  7.42  7.13  6.84  6.55  6.26  5.97  5.69  5.40  5.13  4.91  4.69  4.47  4.25  4.03  3.81  3.59
2021 219   3  7.19  7.00  6.81  6.63  6.44  6.25  6.06  5.88  5.69  5.50  5.32  5.13  5.05  5.20  5.36  5.52  5.67  5.83  5.98  6.14
2021 219   4  4.69  4.72  4.76  4.79  4.82  4.86  4.89  4.92  4.96  4.99  5.02  5.06  5.08  5.10  5.11  5.12  5.13  5.14  5.16  5.17
2021 219   5  4.86  4.82  4.78  4.74  4.70  4.66  4.62  4.58  4.54  4.50  4.46  4.42  4.48  4.76  5.04  5.32  5.60  5.88  6.16  6.44
2021 219   6  4.65  4.62  4.59  4.56  4.53  4.50  4.47  4.44  4.41  4.38  4.35  4.32  4.42  4.80  5.18  5.55  5.93  6.31  6.69  7.06
2021 219   7  6.16  5.93  5.71  5.49  5.26  5.04  4.81  4.59  4.36  4.14  3.92  3.69  3.68  4.11  4.55  4.98  5.41  5.85  6.28  6.71
2021 219   8  6.41  6.21  6.01  5.82  5.62  5.43  5.23  5.04  4.84  4.64  4.45  4.25  4.27  4.73  5.19  5.65  6.11  6.57  7.03  7.49
2021 219   9  4.24  4.28  4.31  4.35  4.39  4.42  4.46  4.50  4.53  4.57  4.61  4.64  4.80  5.20  5.60  6.01  6.41  6.81  7.21  7.61
2021 219  10  3.12  3.35  3.59  3.83  4.07  4.30  4.54  4.78  5.02  5.25  5.49  5.73  5.96  6.16  6.37  6.58  6.79  7.00  7.20  7.41
2021 219  11  2.76  2.98  3.20  3.42  3.64  3.87  4.09  4.31  4.53  4.75  4.97  5.19  5.42  5.68  5.93  6.19  6.44  6.70  6.95  7.21
2021 219  12  2.05  2.37  2.70  3.02  3.34  3.66  3.99  4.31  4.63  4.95  5.28  5.60  5.88  6.08  6.27  6.47  6.67  6.86  7.06  7.25
2021 219  13  2.10  2.32  2.53  2.75  2.96  3.18  3.39  3.61  3.83  4.04  4.26  4.47  4.76  5.18  5.60  6.02  6.44  6.86  7.28  7.70
2021 219  14  1.92  2.13  2.34  2.55  2.76  2.96  3.17  3.38  3.59  3.80  4.01  4.22  4.49  4.88  5.26  5.65  6.04  6.43  6.82  7.21
2021 219  15  3.52  3.56  3.60  3.64  3.67  3.71  3.75  3.79  3.83  3.87  3.90  3.94  4.13  4.64  5.15  5.66  6.17  6.68  7.18  7.69
2021 219  16  2.26  2.56  2.87  3.18  3.49  3.80  4.10  4.41  4.72  5.03  5.33  5.64  5.91  6.08  6.25  6.42  6.59  6.76  6.93  7.10
2021 219  17  1.03  1.51  1.98  2.45  2.92  3.40  3.87  4.34  4.82  5.29  5.76  6.24  6.55  6.51  6.47  6.43  6.39  6.35  6.31  6.27
2021 219  18  3.89  3.92  3.95  3.98  4.02  4.05  4.08  4.11  4.14  4.18  4.21  4.24  4.34  4.59  4.84  5.10  5.35  5.60  5.85  6.10
2021 219  19  4.78  4.71  4.63  4.56  4.49  4.41  4.34  4.26  4.19  4.12  4.04  3.97  3.97  4.15  4.32  4.49  4.66  4.83  5.00  5.17
2021 219  20  3.94  3.92  3.89  3.86  3.84  3.81  3.78  3.76  3.73  3.70  3.67  3.65  3.69  3.88  4.08  4.27  4.46  4.65  4.84  5.04
2021 219  21  6.13  5.80  5.48  5.16  4.83  4.51  4.18  3.86  3.53  3.21  2.88  2.56  2.52  3.08  3.64  4.20  4.76  5.32  5.88  6.43
2021 219  22  7.20  6.75  6.29  5.83  5.38  4.92  4.46  4.01  3.55  3.09  2.64  2.18  2.28  3.56  4.84  6.12  7.40  8.68  9.96 11.24
2021 219  23  3.55  3.57  3.58  3.59  3.61  3.62  3.63  3.65  3.66  3.67  3.69  3.70  4.13  5.45  6.77  8.09  9.41 10.73 12.05 13.37
2021 220   0  5.58  5.12  4.66  4.21  3.75  3.29  2.83  2.37  1.92  1.46  1.00  0.54  0.94  3.14  5.35  7.55  9.76 11.97 14.17 16.38
2021 220   1  3.01  2.80  2.59  2.37  2.16  1.95  1.74  1.52  1.31  1.10  0.89  0.67  1.24  3.46  5.68  7.90 10.12 12.34 14.56 16.78
2021 220   2  1.60  1.50  1.40  1.30  1.20  1.10  1.00  0.90  0.80  0.70  0.60  0.50  1.19  3.58  5.96  8.34 10.72 13.11 15.49 17.87
2021 220   3  3.23  3.07  2.91  2.76  2.60  2.45  2.29  2.14  1.98  1.83  1.67  1.52  2.15  4.45  6.74  9.04 11.34 13.64 15.94 18.24
2021 220   4  2.30  2.21  2.12  2.04  1.95  1.86  1.77  1.69  1.60  1.51  1.43  1.34  1.98  4.16  6.34  8.52 10.70 12.88 15.06 17.24
2021 220   5  0.20  0.34  0.48  0.62  0.75  0.89  1.03  1.17  1.31  1.45  1.59  1.73  2.50  4.61  6.72  8.83 10.94 13.06 15.17 17.28
2021 220   6  0.00  0.00  0.00  0.00  0.40  0.81  1.22  1.64  2.05  2.47  2.88  3.30  4.10  5.72  7.34  8.96 10.58 12.20 13.82 15.44
2021 220   7  0.00  0.00  0.00  0.00  0.14  0.58  1.03  1.49  1.93  2.38  2.83  3.28  3.82  4.54  5.26  5.98  6.69  7.41  8.13  8.85
2021 220   8  0.00  0.00  0.00  0.00  0.43  0.95  1.48  2.00  2.52  3.04  3.56  4.09  4.52  4.79  5.05  5.32  5.58  5.84  6.11  6.37
2021 220   9  0.00  0.00  0.00  0.00  0.31  1.03  1.76  2.48  3.20  3.93  4.65  5.38  5.80  5.59  5.38  5.17  4.96  4.74  4.53  4.32
2021 220  10  0.00  0.00  0.00  0.23  0.81  1.39  1.96  2.54  3.12  3.69  4.27  4.85  5.13  4.78  4.44  4.09  3.74  3.40  3.05  2.71
2021 220  11  0.00  0.15  0.68  1.21  1.74  2.27  2.80  3.33  3.86  4.39  4.92  5.45  5.53  4.68  3.82  2.96  2.10  1.24  0.38  0.00
2021 220  12  0.00  0.00  0.00  0.01  0.94  1.88  2.81  3.74  4.68  5.61  6.54  7.47  7.79  6.77  5.76  4.75  3.74  2.72  1.71  0.70
2021 220  13  0.00  0.00  0.00  0.00  0.42  1.42  2.42  3.42  4.42  5.43  6.43  7.43  8.05  7.85  7.65  7.45  7.25  7.05  6.85  6.65
2021 220  14  0.00  0.00  0.00  0.36  1.19  2.02  2.85  3.68  4.51  5.34  6.17  7.01  7.51  7.34  7.16  6.98  6.80  6.62  6.44  6.26
2021 220  15  0.00  0.00  0.00  0.63  1.34  2.06  2.78  3.49  4.21  4.92  5.64  6.35  6.79  6.63  6.47  6.31  6.15  5.99  5.84  5.68
2021 220  16  0.00  0.00  0.15  0.77  1.39  2.02  2.64  3.26  3.88  4.50  5.13  5.75  6.11  5.94  5.76  5.59  5.41  5.24  5.07  4.89
2021 220  17  0.00  0.00  0.00  0.51  1.09  1.66  2.23  2.81  3.38  3.95  4.53  5.10  5.37  5.00  4.63  4.26  3.90  3.53  3.16  2.79
2021 220  18  0.00  0.00  0.46  0.97  1.48  1.99  2.50  3.01  3.52  4.03  4.54  5.05  5.29  4.95  4.61  4.27  3.93  3.60  3.26  2.92
2021 220  19  0.00  0.12  0.52  0.91  1.30  1.70  2.09  2.48  2.87  3.27  3.66  4.05  4.25  4.02  3.80  3.57  3.35  3.12  2.89  2.67
2021 220  20  0.00  0.00  0.00  0.00  0.22  0.74  1.25  1.77  2.29  2.81  3.32  3.84  4.11  3.87  3.62  3.37  3.13  2.88  2.63  2.39
2021 220  21  0.14  0.48  0.81  1.15  1.48  1.82  2.15  2.48  2.82  3.15  3.49  3.82  3.92  3.50  3.08  2.66  2.24  1.82  1.40  0.98
2021 220  22  0.82  1.05  1.29  1.52  1.76  2.00  2.23  2.47  2.70  2.94  3.17  3.41  3.43  3.00  2.56  2.13  1.70  1.26  0.83  0.40
2021 220  23  1.83  1.85  1.87  1.90  1.92  1.94  1.97  1.99  2.01  2.04  2.06  2.08  2.06  1.95  1.83  1.71  1.59  1.48  1.36  1.24
2021 221   0  2.33  2.27  2.21  2.15  2.09  2.02  1.96  1.90  1.84  1.78  1.71  1.65  1.59  1.51  1.44  1.37  1.30  1.23  1.16  1.09
2021 221   1  0.50  0.70  0.90  1.09  1.29  1.48  1.68  1.87  2.07  2.27  2.46  2.66  2.68  2.32  1.97  1.61  1.26  0.90  0.55  0.19
2021 221   2  0.27  0.50  0.73  0.96  1.18  1.41  1.64  1.87  2.09  2.32  2.55  2.78  2.83  2.52  2.21  1.90  1.59  1.27  0.96  0.65
2021 221   3  0.00  0.10  0.36  0.61  0.87  1.12  1.38  1.63  1.88  2.14  2.39  2.65  2.76  2.58  2.40  2.22  2.04  1.85  1.67  1.49
2021 221   4  0.56  0.79  1.01  1.24  1.46  1.68  1.91  2.13  2.36  2.58  2.80  3.03  3.08  2.75  2.43  2.10  1.77  1.45  1.13  0.80
2021 221   5  1.55  1.70  1.85  2.00  2.15  2.30  2.44  2.59  2.74  2.89  3.04  3.19  3.17  2.78  2.40  2.01  1.63  1.24  0.86  0.47
2021 221   6  1.96  2.08  2.19  2.30  2.42  2.53  2.64  2.76  2.87  2.98  3.10  3.21  3.18  2.85  2.51  2.18  1.84  1.50  1.17  0.83
2021 221   7  3.02  2.97  2.93  2.88  2.84  2.79  2.75  2.70  2.66  2.61  2.57  2.52  2.42  2.22  2.02  1.81  1.61  1.40  1.20  0.99
2021 221   8  2.85  2.88  2.92  2.95  2.99  3.03  3.06  3.10  3.13  3.17  3.20  3.24  3.18  2.93  2.68  2.43  2.18  1.93  1.68  1.43
2021 221   9  2.90  3.01  3.12  3.23  3.34  3.44  3.55  3.66  3.77  3.88  3.99  4.10  3.97  3.34  2.71  2.08  1.45  0.82  0.19  0.00
2021 221  10  5.54  5.47  5.40  5.34  5.27  5.20  5.13  5.06  4.99  4.92  4.86  4.79  4.49  3.71  2.93  2.15  1.37  0.59  0.00  0.00
2021 221  11  5.87  5.88  5.89  5.90  5.91  5.91  5.92  5.93  5.94  5.95  5.96  5.96  5.76  5.12  4.47  3.82  3.18  2.53  1.88  1.24
2021 221  12  6.31  6.30  6.29  6.28  6.27  6.26  6.25  6.24  6.23  6.22  6.21  6.20  6.09  5.78  5.46  5.15  4.84  4.53  4.21  3.90
2021 221  13  6.09  6.07  6.06  6.05  6.03  6.02  6.01  5.99  5.98  5.97  5.95  5.94  5.89  5.76  5.63  5.51  5.38  5.25  5.12  5.00
2021 221  14  4.26  4.42  4.57  4.73  4.89  5.04  5.20  5.35  5.51  5.66  5.82  5.97  6.04  5.93  5.82  5.70  5.59  5.47  5.36  5.25
2021 221  15  2.87  3.20  3.52  3.85  4.18  4.50  4.83  5.15  5.48  5.81  6.13  6.46  6.64  6.52  6.40  6.28  6.16  6.04  5.92  5.80
2021 221  16  1.85  2.27  2.69  3.11  3.53  3.95  4.37  4.79  5.20  5.63  6.05  6.47  6.73  6.66  6.60  6.53  6.46  6.40  6.33  6.26
2021 221  17  2.78  3.09  3.41  3.72  4.04  4.35  4.66  4.98  5.29  5.61  5.92  6.24  6.43  6.39  6.34  6.30  6.25  6.21  6.16  6.12
2021 221  18  2.87  3.10  3.33  3.55  3.78  4.00  4.23  4.45  4.68  4.91  5.13  5.36  5.54  5.65  5.75  5.85  5.96  6.06  6.16  6.26
2021 221  19  3.71  3.89  4.07  4.25  4.43  4.61  4.79  4.97  5.16  5.34  5.52  5.70  5.82  5.80  5.78  5.77  5.75  5.74  5.72  5.70
2021 221  20  4.92  5.07  5.22  5.37  5.52  5.67  5.82  5.96  6.11  6.26  6.41  6.56  6.59  6.37  6.15  5.93  5.72  5.50  5.28  5.06
2021 221  21  5.35  5.51  5.66  5.82  5.97  6.12  6.28  6.43  6.58  6.74  6.89  7.05  7.06  6.78  6.49  6.21  5.93  5.64  5.36  5.08
2021 221  22  4.48  4.82  5.15  5.49  5.82  6.16  6.49  6.82  7.16  7.49  7.83  8.16  8.25  7.82  7.38  6.95  6.51  6.07  5.64  5.20
2021 221  23  6.12  6.30  6.48  6.66  6.84  7.01  7.19  7.37  7.55  7.73  7.91  8.09  8.13  7.86  7.60  7.33  7.07  6.81  6.54  6.28
2021 222   0  5.90  6.08  6.25  6.43  6.61  6.79  6.96  7.14  7.32  7.49  7.67  7.85  7.95  7.88  7.82  7.75  7.68  7.62  7.55  7.48
2021 222   1  5.72  5.93  6.14  6.35  6.55  6.76  6.97  7.18  7.39  7.60  7.81  8.02  8.17  8.21  8.24  8.28  8.32  8.35  8.39  8.43
2021 222   2  6.82  6.90  6.97  7.05  7.12  7.20  7.27  7.35  7.42  7.50  7.57  7.65  7.74  7.85  7.97  8.08  8.20  8.31  8.43  8.55
2021 222   3  4.01  4.29  4.57  4.85  5.13  5.41  5.69  5.97  6.26  6.54  6.82  7.10  7.35  7.53  7.70  7.88  8.06  8.24  8.42  8.60
2021 222   4  5.45  5.63  5.80  5.98  6.15  6.33  6.50  6.68  6.85  7.03  7.20  7.38  7.53  7.63  7.72  7.81  7.91  8.00  8.10  8.19
2021 222   5  7.62  7.57  7.51  7.45  7.39  7.33  7.27  7.21  7.16  7.10  7.04  6.98  7.04  7.35  7.67  7.98  8.29  8.60  8.92  9.23
2021 222   6  6.47  6.54  6.62  6.69  6.76  6.84  6.91  6.99  7.06  7.13  7.21  7.28  7.47  7.92  8.37  8.82  9.27  9.72 10.17 10.62
2021 222   7  6.14  6.47  6.80  7.13  7.46  7.79  8.12  8.45  8.78  9.11  9.44  9.77  9.98  9.95  9.91  9.88  9.85  9.81  9.78  9.75
2021 222   8  6.07  6.37  6.66  6.96  7.26  7.55  7.85  8.15  8.44  8.74  9.03  9.33  9.57  9.71  9.85  9.99 10.13 10.27 10.40 10.54
2021 222   9  6.08  6.35  6.61  6.88  7.14  7.41  7.67  7.93  8.20  8.46  8.73  8.99  9.21  9.32  9.43  9.55  9.66  9.77  9.89 10.00
2021 222  10  6.12  6.37  6.62  6.87  7.12  7.37  7.61  7.86  8.11  8.36  8.61  8.86  9.06  9.15  9.25  9.34  9.44  9.53  9.63  9.72
2021 222  11  5.42  5.78  6.14  6.50  6.86  7.22  7.58  7.94  8.30  8.66  9.02  9.38  9.64  9.69  9.75  9.80  9.85  9.91  9.96 10.02
2021 222  12  5.34  5.72  6.09  6.47  6.86  7.23  7.61  7.99  8.37  8.75  9.13  9.51  9.79  9.86  9.92  9.99 10.06 10.12 10.19 10.26
2021 222  13  5.91  6.26  6.61  6.97  7.32  7.67  8.03  8.38  8.73  9.08  9.44  9.79 10.02  9.99  9.96  9.93  9.89  9.86  9.83  9.80
2021 222  14  5.39  5.76  6.14  6.52  6.90  7.28  7.65  8.03  8.41  8.79  9.16  9.54  9.80  9.81  9.82  9.82  9.83  9.84  9.84  9.85
2021 222  15  4.14  4.58  5.03  5.47  5.92  6.37  6.81  7.26  7.71  8.15  8.60  9.05  9.38  9.46  9.55  9.63  9.72  9.81  9.89  9.98
2021 222  16  6.09  6.21  6.34  6.47  6.59  6.72  6.85  6.97  7.10  7.23  7.36  7.48  7.67  7.98  8.28  8.59  8.90  9.21  9.52  9.82
2021 222  17  2.98  3.36  3.74  4.13  4.51  4.89  5.28  5.66  6.04  6.42  6.81  7.19  7.50  7.67  7.83  8.00  8.16  8.32  8.49  8.65
2021 222  18  3.64  3.88  4.11  4.35  4.59  4.83  5.07  5.31  5.55  5.79  6.03  6.27  6.64  7.29  7.95  8.60  9.26  9.91 10.56 11.22
2021 222  19  6.17  6.18  6.18  6.19  6.20  6.20  6.21  6.22  6.22  6.23  6.24  6.24  6.43  7.00  7.57  8.14  8.70  9.27  9.84 10.41
2021 222  20  5.22  5.24  5.26  5.29  5.31  5.33  5.36  5.38  5.40  5.43  5.45  5.47  5.71  6.39  7.07  7.75  8.44  9.12  9.80 10.48
2021 222  21  2.80  3.06  3.33  3.60  3.87  4.13  4.40  4.67  4.93  5.20  5.47  5.74  6.18  6.99  7.80  8.61  9.42 10.23 11.04 11.85
2021 222  22  4.07  4.27  4.48  4.68  4.89  5.10  5.30  5.51  5.71  5.92  6.12  6.33  6.72  7.49  8.26  9.02  9.79 10.56 11.33 12.10
2021 222  23  5.46  5.48  5.50  5.53  5.55  5.57  5.60  5.62  5.64  5.67  5.69  5.71  6.05  7.07  8.09  9.10 10.12 11.13 12.15 13.16
2021 223   0  6.44  6.32  6.21  6.09  5.98  5.86  5.74  5.63  5.51  5.40  5.28  5.17  5.48  6.71  7.93  9.16 10.38 11.61 12.84 14.06
2021 223   1  4.63  4.80  4.97  5.13  5.30  5.47  5.64  5.81  5.98  6.15  6.32  6.49  6.83  7.53  8.24  8.94  9.65 10.36 11.06 11.77
2021 223   2  5.08  5.17  5.25  5.34  5.43  5.51  5.60  5.68  5.77  5.85  5.94  6.02  6.25  6.79  7.33  7.87  8.41  8.94  9.48 10.02
2021 223   3  4.38  4.62  4.86  5.09  5.33  5.57  5.81  6.05  6.29  6.53  6.77  7.01  7.33  7.83  8.33  8.82  9.32  9.82 10.32 10.82
2021 223   4  2.16  2.65  3.15  3.64  4.14  4.63  5.13  5.62  6.12  6.61  7.11  7.60  7.98  8.11  8.24  8.36  8.49  8.62  8.75  8.87
2021 223   5  3.18  3.40  3.63  3.85  4.07  4.29  4.52  4.74  4.96  5.18  5.41  5.63  5.94  6.43  6.92  7.41  7.89  8.38  8.87  9.36
2021 223   6  2.18  2.51  2.85  3.18  3.51  3.84  4.17  4.50  4.83  5.16  5.49  5.82  6.14  6.43  6.72  7.01  7.30  7.59  7.88  8.17
2021 223   7  2.68  2.87  3.06  3.25  3.44  3.63  3.82  4.01  4.20  4.38  4.57  4.76  5.01  5.37  5.73  6.09  6.45  6.82  7.18  7.54
2021 223   8  4.04  4.16  4.29  4.42  4.54  4.67  4.80  4.93  5.05  5.18  5.31  5.43  5.59  5.79  5.99  6.19  6.40  6.60  6.80  7.00
2021 223   9  2.52  2.79  3.05  3.31  3.57  3.84  4.10  4.36  4.62  4.89  5.15  5.41  5.67  5.93  6.19  6.45  6.72  6.98  7.24  7.50
2021 223  10  2.24  2.52  2.78  3.05  3.32  3.59  3.86  4.13  4.40  4.67  4.94  5.21  5.45  5.63  5.81  5.99  6.17  6.35  6.53  6.71
2021 223  11  1.31  1.75  2.19  2.63  3.07  3.50  3.94  4.38  4.82  5.26  5.69  6.13  6.41  6.36  6.31  6.26  6.21  6.16  6.11  6.06
2021 223  12  1.34  1.76  2.18  2.60  3.02  3.44  3.87  4.29  4.71  5.13  5.55  5.97  6.30  6.42  6.55  6.67  6.80  6.92  7.04  7.17
2021 223  13  1.00  1.50  2.01  2.51  3.01  3.52  4.02  4.52  5.03  5.53  6.03  6.54  6.89  6.93  6.97  7.01  7.05  7.09  7.13  7.17
2021 223  14  2.31  2.67  3.02  3.38  3.73  4.09  4.45  4.80  5.16  5.51  5.87  6.23  6.46  6.42  6.39  6.35  6.32  6.28  6.25  6.21
2021 223  15  2.23  2.62  3.02  3.41  3.80  4.20  4.59  4.98  5.37  5.77  6.16  6.55  6.74  6.51  6.27  6.04  5.80  5.56  5.33  5.09
2021 223  16  2.04  2.45  2.87  3.29  3.70  4.12  4.53  4.95  5.37  5.78  6.20  6.62  6.87  6.79  6.71  6.63  6.55  6.47  6.39  6.31
2021 223  17  1.98  2.39  2.80  3.20  3.61  4.02  4.42  4.83  5.24  5.64  6.05  6.45  6.74  6.77  6.80  6.83  6.86  6.89  6.92  6.95
2021 223  18  0.58  1.09  1.60  2.11  2.62  3.13  3.64  4.15  4.66  5.17  5.68  6.19  6.53  6.48  6.43  6.38  6.34  6.29  6.24  6.19
2021 223  19  1.77  2.14  2.51  2.87  3.24  3.60  3.97  4.34  4.70  5.07  5.43  5.80  6.07  6.12  6.18  6.23  6.28  6.34  6.39  6.45
2021 223  20  2.16  2.47  2.79  3.10  3.42  3.73  4.04  4.36  4.67  4.99  5.30  5.62  5.81  5.74  5.66  5.59  5.52  5.45  5.38  5.30
2021 223  21  0.00  0.17  0.65  1.13  1.61  2.09  2.57  3.06  3.54  4.02  4.50  4.98  5.30  5.27  5.24  5.21  5.17  5.14  5.11  5.08
2021 223  22  1.52  1.82  2.11  2.40  2.70  2.99  3.29  3.58  3.88  4.17  4.47  4.76  4.92  4.80  4.67  4.55  4.42  4.30  4.18  4.05
2021 223  23  2.40  2.59  2.77  2.95  3.14  3.32  3.51  3.69  3.87  4.06  4.24  4.43  4.50  4.35  4.20  4.06  3.91  3.76  3.61  3.46
2021 224   0  1.80  2.06  2.32  2.58  2.84  3.10  3.36  3.62  3.88  4.14  4.39  4.65  4.72  4.36  3.99  3.63  3.27  2.91  2.55  2.19
2021 224   1  3.42  3.50  3.58  3.65  3.73  3.81  3.88  3.96  4.04  4.11  4.19  4.27  4.20  3.84  3.48  3.11  2.75  2.38  2.02  1.66
2021 224   2  4.32  4.28  4.25  4.21  4.17  4.14  4.10  4.06  4.03  3.99  3.95  3.91  3.82  3.61  3.39  3.18  2.97  2.76  2.54  2.33
2021 224   3  4.26  4.25  4.24  4.24  4.23  4.22  4.22  4.21  4.20  4.20  4.19  4.18  4.03  3.58  3.13  2.68  2.22  1.77  1.32  0.87
2021 224   4  4.02  3.98  3.95  3.91  3.87  3.84  3.80  3.76  3.72  3.69  3.65  3.62  3.61  3.67  3.73  3.79  3.85  3.91  3.97  4.03
2021 224   5  3.79  3.83  3.88  3.92  3.96  4.00  4.04  4.08  4.13  4.17  4.21  4.25  4.21  3.98  3.75  3.52  3.29  3.06  2.83  2.60
2021 224   6  3.72  3.74  3.76  3.78  3.80  3.83  3.85  3.87  3.89  3.91  3.93  3.95  3.92  3.78  3.64  3.49  3.35  3.21  3.06  2.92
2021 224   7  3.75  3.79  3.82  3.86  3.89  3.92  3.96  4.00  4.03  4.07  4.10  4.14  4.11  3.94  3.78  3.61  3.45  3.29  3.12  2.96
2021 224   8  2.85  2.97  3.09  3.22  3.34  3.46  3.59  3.71  3.84  3.96  4.08  4.21  4.26  4.19  4.11  4.03  3.96  3.88  3.80  3.73
2021 224   9  2.73  2.88  3.02  3.17  3.31  3.46  3.60  3.75  3.89  4.04  4.19  4.33  4.42  4.41  4.39  4.37  4.35  4.33  4.31  4.29
2021 224  10  1.24  1.64  2.05  2.45  2.85  3.25  3.65  4.05  4.45  4.85  5.26  5.66  5.90  5.82  5.74  5.66  5.58  5.50  5.42  5.34
2021 224  11  2.40  2.71  3.02  3.33  3.63  3.94  4.25  4.56  4.87  5.18  5.49  5.80  6.01  6.02  6.03  6.05  6.05  6.07  6.08  6.09
2021 224  12  2.55  2.86  3.17  3.48  3.79  4.10  4.41  4.72  5.03  5.35  5.66  5.97  6.17  6.16  6.14  6.12  6.10  6.09  6.07  6.05
2021 224  13  3.13  3.40  3.67  3.94  4.21  4.48  4.75  5.02  5.29  5.56  5.84  6.11  6.28  6.25  6.22  6.19  6.16  6.13  6.10  6.07
2021 224  14  2.73  3.02  3.31  3.60  3.89  4.18  4.47  4.76  5.05  5.34  5.62  5.91  6.15  6.28  6.41  6.53  6.66  6.79  6.92  7.04
2021 224  15  4.05  4.18  4.32  4.45  4.59  4.72  4.86  5.00  5.13  5.27  5.40  5.54  5.79  6.30  6.81  7.31  7.82  8.33  8.83  9.34
2021 224  16  4.11  4.20  4.29  4.38  4.47  4.56  4.65  4.74  4.82  4.91  5.00  5.09  5.32  5.85  6.38  6.90  7.43  7.96  8.49  9.02
2021 224  17  5.59  5.53  5.46  5.40  5.33  5.27  5.20  5.14  5.07  5.01  4.94  4.87  4.99  5.49  6.00  6.50  7.01  7.51  8.01  8.52
2021 224  18  5.59  5.57  5.56  5.55  5.54  5.53  5.52  5.51  5.49  5.48  5.47  5.46  5.57  5.94  6.31  6.68  7.04  7.41  7.78  8.15
2021 224  19  7.44  7.24  7.05  6.86  6.67  6.47  6.28  6.09  5.90  5.70  5.51  5.32  5.38  5.98  6.57  7.17  7.76  8.36  8.96  9.55
2021 224  20  6.51  6.45  6.40  6.34  6.28  6.22  6.16  6.10  6.05  5.99  5.93  5.87  5.93  6.25  6.57  6.89  7.20  7.52  7.84  8.16
2021 224  21  7.66  7.47  7.28  7.09  6.90  6.71  6.52  6.33  6.14  5.96  5.77  5.58  5.54  5.82  6.09  6.37  6.65  6.93  7.21  7.49
2021 224  22  7.22  7.09  6.96  6.84  6.71  6.59  6.46  6.34  6.21  6.09  5.96  5.84  5.87  6.25  6.63  7.01  7.39  7.77  8.15  8.53
2021 224  23  7.11  7.00  6.89  6.78  6.68  6.57  6.46  6.35  6.24  6.13  6.02  5.91  5.97  6.38  6.79  7.20  7.61  8.03  8.44  8.85
2021 225   0  8.81  8.50  8.19  7.89  7.58  7.27  6.96  6.65  6.34  6.03  5.72  5.41  5.33  5.75  6.16  6.58  6.99  7.40  7.82  8.23
2021 225   1  6.68  6.58  6.49  6.40  6.31  6.22  6.13  6.04  5.95  5.86  5.77  5.68  5.75  6.14  6.54  6.94  7.33  7.73  8.13  8.52
2021 225   2  6.52  6.47  6.43  6.39  6.34  6.30  6.26  6.21  6.17  6.13  6.08  6.04  6.14  6.53  6.91  7.30  7.69  8.08  8.47  8.86
2021 225   3  6.32  6.30  6.29  6.27  6.26  6.24  6.22  6.21  6.20  6.18  6.16  6.15  6.25  6.59  6.92  7.26  7.60  7.93  8.27  8.61
2021 225   4  4.28  4.49  4.70  4.91  5.11  5.32  5.53  5.74  5.95  6.16  6.37  6.58  6.77  6.91  7.06  7.20  7.35  7.49  7.64  7.78
2021 225   5  5.34  5.46  5.58  5.70  5.82  5.94  6.06  6.17  6.29  6.41  6.53  6.65  6.80  7.02  7.24  7.46  7.67  7.89  8.11  8.33
2021 225   6  3.98  4.21  4.45  4.69  4.93  5.16  5.40  5.64  5.88  6.11  6.35  6.59  6.83  7.08  7.33  7.59  7.84  8.09  8.34  8.59
2021 225   7  2.88  3.26  3.63  4.00  4.38  4.75  5.12  5.49  5.87  6.24  6.61  6.99  7.25  7.28  7.32  7.35  7.38  7.42  7.45  7.48
2021 225   8  5.33  5.46  5.58  5.70  5.82  5.95  6.07  6.19  6.31  6.43  6.55  6.68  6.78  6.85  6.92  6.99  7.06  7.13  7.20  7.27
2021 225   9  5.91  6.01  6.12  6.22  6.32  6.43  6.53  6.64  6.74  6.84  6.95  7.05  7.14  7.20  7.26  7.32  7.38  7.45  7.51  7.57
2021 225  10  4.45  4.78  5.12  5.46  5.80  6.13  6.47  6.81  7.15  7.49  7.82  8.16  8.35  8.24  8.12  8.01  7.89  7.78  7.66  7.55
2021 225  11  4.25  4.59  4.92  5.25  5.58  5.92  6.25  6.58  6.91  7.25  7.58  7.91  8.13  8.09  8.05  8.01  7.97  7.93  7.89  7.85
2021 225  12  4.61  4.99  5.37  5.75  6.13  6.51  6.89  7.28  7.66  8.04  8.42  8.80  8.98  8.74  8.49  8.25  8.00  7.76  7.51  7.27
2021 225  13  6.70  6.84  6.99  7.13  7.28  7.42  7.56  7.71  7.85  7.99  8.14  8.28  8.29  7.99  7.70  7.41  7.12  6.83  6.53  6.24
2021 225  14  7.90  8.08  8.26  8.44  8.62  8.80  8.97  9.15  9.33  9.51  9.69  9.87  9.77  9.10  8.43  7.76  7.08  6.41  5.74  5.06
2021 225  15  8.04  8.32  8.61  8.89  9.18  9.46  9.74 10.03 10.31 10.60 10.88 11.17 11.18 10.64 10.09  9.54  8.99  8.44  7.89  7.34
2021 225  16  5.60  6.12  6.63  7.14  7.66  8.17  8.68  9.20  9.71 10.22 10.74 11.25 11.42 10.85 10.27  9.70  9.13  8.56  7.99  7.41
2021 225  17  9.00  9.16  9.33  9.49  9.66  9.82  9.99 10.15 10.32 10.49 10.65 10.82 10.72 10.07  9.43  8.78  8.13  7.48  6.83  6.18
2021 225  18  9.73  9.78  9.83  9.89  9.94  9.98 10.03 10.09 10.14 10.19 10.24 10.29 10.18  9.74  9.29  8.85  8.41  7.97  7.53  7.08
2021 225  19  7.44  7.74  8.03  8.32  8.62  8.91  9.21  9.50  9.80 10.09 10.39 10.68 10.73 10.25  9.77  9.30  8.82  8.34  7.86  7.39
2021 225  20  9.70  9.73  9.76  9.79  9.82  9.85  9.88  9.91  9.94  9.97 10.00 10.03  9.94  9.61  9.27  8.94  8.61  8.27  7.94  7.61
2021 225  21 10.51 10.51 10.51 10.51 10.50 10.50 10.50 10.50 10.50 10.49 10.49 10.49 10.34  9.86  9.38  8.90  8.42  7.94  7.46  6.98
2021 225  22 10.15 10.05  9.96  9.87  9.78  9.69  9.60  9.51  9.42  9.33  9.24  9.15  9.01  8.75  8.50  8.24  7.99  7.73  7.48  7.22
2021 225  23  8.52  8.60  8.68  8.76  8.84  8.91  8.99  9.07  9.15  9.23  9.31  9.39  9.36  9.13  8.89  8.65  8.41  8.18  7.94  7.70
2021 226   0  9.93  9.95  9.97  9.99 10.01 10.03 10.05 10.07 10.09 10.11 10.13 10.15 10.05  9.69  9.33  8.98  8.62  8.26  7.91  7.55
2021 226   1  9.28  9.31  9.34  9.37  9.40  9.43  9.46  9.49  9.52  9.55  9.58  9.61  9.58  9.41  9.25  9.08  8.92  8.76  8.59  8.43
2021 226   2  9.87  9.92  9.97 10.02 10.07 10.12 10.16 10.21 10.26 10.31 10.36 10.41 10.35 10.06  9.76  9.47  9.18  8.89  8.60  8.30
2021 226   3  7.22  7.62  8.02  8.41  8.81  9.21  9.61 10.01 10.40 10.80 11.20 11.60 11.65 10.94 10.23  9.53  8.83  8.12  7.42  6.71
2021 226   4  8.59  8.75  8.91  9.07  9.22  9.38  9.54  9.69  9.85 10.01 10.17 10.32 10.31  9.94  9.56  9.19  8.81  8.44  8.07  7.69
2021 226   5  8.22  8.45  8.68  8.90  9.13  9.35  9.58  9.80 10.03 10.26 10.48 10.71 10.74 10.37 10.00  9.62  9.25  8.88  8.51  8.13
2021 226   6  6.77  7.03  7.28  7.54  7.80  8.05  8.31  8.56  8.82  9.07  9.33  9.59  9.72  9.61  9.50  9.38  9.27  9.15  9.04  8.93
2021 226   7  4.92  5.41  5.89  6.38  6.87  7.36  7.85  8.34  8.82  9.31  9.80 10.29 10.54 10.31 10.07  9.83  9.59  9.35  9.12  8.88
2021 226   8  4.68  5.10  5.53  5.95  6.37  6.79  7.22  7.64  8.06  8.49  8.91  9.33  9.61  9.58  9.55  9.52  9.49  9.46  9.43  9.40
2021 226   9  4.65  4.96  5.27  5.59  5.90  6.21  6.52  6.84  7.15  7.46  7.78  8.09  8.38  8.61  8.85  9.08  9.32  9.56  9.79 10.03
2021 226  10  3.97  4.41  4.84  5.28  5.72  6.15  6.59  7.03  7.46  7.90  8.34  8.77  9.01  8.82  8.64  8.45  8.26  8.07  7.89  7.70
2021 226  11  4.35  4.74  5.13  5.52  5.91  6.31  6.70  7.09  7.48  7.87  8.26  8.65  8.88  8.77  8.65  8.53  8.41  8.30  8.18  8.06
2021 226  12  6.62  6.77  6.92  7.07  7.22  7.37  7.51  7.66  7.81  7.96  8.11  8.26  8.36  8.38  8.39  8.40  8.41  8.43  8.44  8.45
2021 226  13  3.68  4.05  4.41  4.78  5.15  5.51  5.88  6.25  6.61  6.98  7.34  7.71  7.91  7.77  7.62  7.47  7.33  7.18  7.03  6.89
2021 226  14  4.86  5.01  5.16  5.31  5.46  5.61  5.76  5.92  6.07  6.22  6.37  6.52  6.56  6.36  6.17  5.97  5.77  5.58  5.38  5.19
2021 226  15  6.20  6.36  6.53  6.69  6.86  7.02  7.19  7.36  7.52  7.69  7.85  8.02  8.08  7.92  7.76  7.60  7.43  7.27  7.11  6.95
2021 226  16  5.81  6.01  6.20  6.39  6.58  6.78  6.97  7.16  7.35  7.55  7.74  7.93  7.83  7.12  6.40  5.69  4.97  4.26  3.54  2.83
2021 226  17  2.48  2.98  3.49  3.99  4.49  5.00  5.50  6.00  6.51  7.01  7.51  8.02  8.13  7.42  6.71  6.00  5.29  4.58  3.87  3.16
2021 226  18  6.10  6.15  6.19  6.23  6.28  6.32  6.36  6.41  6.45  6.49  6.54  6.58  6.48  6.07  5.65  5.24  4.83  4.41  4.00  3.59
2021 226  19  5.85  6.12  6.39  6.66  6.94  7.21  7.48  7.75  8.03  8.30  8.57  8.85  8.96  8.73  8.50  8.27  8.05  7.82  7.59  7.37
2021 226  20  8.47  8.37  8.26  8.16  8.06  7.95  7.85  7.74  7.64  7.54  7.43  7.33  7.22  7.10  6.98  6.86  6.75  6.63  6.51  6.39
2021 226  21  6.75  6.84  6.92  7.01  7.09  7.18  7.27  7.35  7.44  7.52  7.61  7.69  7.67  7.41  7.15  6.89  6.63  6.36  6.10  5.84
2021 226  22  6.41  6.47  6.53  6.59  6.65  6.71  6.77  6.83  6.89  6.95  7.01  7.07  7.09  7.01  6.94  6.87  6.79  6.72  6.65  6.57
2021 226  23  7.56  7.51  7.47  7.42  7.38  7.33  7.29  7.24  7.20  7.15  7.11  7.06  6.96  6.76  6.55  6.34  6.13  5.92  5.72  5.51
2021 227   0  9.50  9.20  8.90  8.60  8.30  8.00  7.70  7.40  7.10  6.80  6.50  6.20  6.00  6.01  6.02  6.03  6.04  6.05  6.05  6.06
2021 227   1  9.31  8.97  8.62  8.27  7.92  7.57  7.23  6.88  6.53  6.18  5.83  5.49  5.27  5.35  5.42  5.49  5.57  5.64  5.71  5.79
2021 227   2  8.71  8.35  7.99  7.63  7.27  6.91  6.55  6.19  5.83  5.47  5.11  4.75  4.50  4.46  4.43  4.39  4.35  4.32  4.28  4.24
2021 227   3  8.97  8.55  8.13  7.71  7.29  6.86  6.44  6.02  5.60  5.18  4.76  4.34  4.04  4.03  4.01  3.99  3.97  3.96  3.94  3.92
2021 227   4  2.99  3.17  3.36  3.54  3.73  3.91  4.09  4.28  4.46  4.65  4.83  5.01  5.13  5.10  5.07  5.04  5.00  4.97  4.94  4.91
2021 227   5  3.75  3.97  4.18  4.40  4.61  4.83  5.05  5.26  5.48  5.69  5.91  6.12  6.20  5.99  5.78  5.57  5.36  5.15  4.94  4.73
2021 227   6  4.53  4.68  4.85  5.01  5.17  5.33  5.49  5.65  5.81  5.97  6.13  6.29  6.37  6.29  6.20  6.12  6.04  5.95  5.87  5.79
2021 227   7  5.48  5.49  5.49  5.50  5.50  5.51  5.51  5.52  5.52  5.53  5.53  5.54  5.43  5.07  4.72  4.36  4.01  3.65  3.30  2.94
2021 227   8  6.55  6.53  6.50  6.47  6.45  6.42  6.39  6.36  6.34  6.31  6.28  6.26  6.07  5.54  5.01  4.49  3.96  3.43  2.90  2.38
2021 227   9  5.56  5.65  5.75  5.84  5.94  6.03  6.13  6.22  6.32  6.41  6.51  6.61  6.48  5.87  5.27  4.66  4.06  3.45  2.85  2.24
2021 227  10  2.17  2.58  2.99  3.40  3.81  4.21  4.62  5.03  5.44  5.85  6.26  6.66  6.78  6.27  5.77  5.26  4.76  4.25  3.75  3.24
2021 227  11  4.03  4.20  4.36  4.53  4.70  4.87  5.04  5.21  5.38  5.55  5.72  5.89  5.91  5.62  5.33  5.04  4.75  4.46  4.17  3.88
2021 227  12  4.54  4.58  4.62  4.66  4.70  4.73  4.77  4.81  4.85  4.89  4.93  4.96  4.93  4.75  4.56  4.38  4.20  4.01  3.83  3.65
2021 227  13  2.77  2.97  3.17  3.38  3.58  3.79  3.99  4.20  4.40  4.60  4.81  5.01  5.10  4.93  4.76  4.59  4.42  4.25  4.08  3.91
2021 227  14  3.09  3.30  3.50  3.71  3.92  4.13  4.33  4.54  4.75  4.95  5.16  5.37  5.43  5.19  4.94  4.70  4.45  4.21  3.96  3.72
2021 227  15  3.33  3.51  3.69  3.87  4.05  4.22  4.40  4.58  4.76  4.94  5.12  5.30  5.37  5.23  5.09  4.94  4.80  4.66  4.51  4.37
2021 227  16  5.67  5.49  5.30  5.12  4.94  4.76  4.57  4.39  4.21  4.03  3.85  3.66  3.58  3.70  3.82  3.95  4.07  4.19  4.31  4.44
2021 227  17  4.40  4.44  4.48  4.52  4.56  4.60  4.64  4.68  4.72  4.76  4.80  4.84  4.80  4.60  4.39  4.19  3.99  3.78  3.58  3.37
2021 227  18  4.81  4.74  4.68  4.61  4.54  4.48  4.41  4.34  4.28  4.21  4.14  4.07  3.97  3.78  3.58  3.39  3.20  3.01  2.82  2.62
2021 227  19  5.98  5.82  5.66  5.49  5.33  5.16  5.00  4.84  4.67  4.51  4.34  4.18  4.01  3.83  3.64  3.46  3.28  3.09  2.91  2.73
2021 227  20  4.84  4.79  4.75  4.70  4.66  4.61  4.57  4.52  4.48  4.43  4.39  4.34  4.20  3.86  3.52  3.18  2.85  2.51  2.17  1.83
2021 227  21  5.62  5.43  5.24  5.05  4.85  4.66  4.47  4.28  4.09  3.90  3.71  3.52  3.36  3.25  3.14  3.04  2.93  2.82  2.72  2.61
2021 227  22  5.10  5.01  4.91  4.82  4.72  4.63  4.53  4.44  4.34  4.24  4.15  4.05  3.98  3.93  3.89  3.85  3.81  3.77  3.72  3.68
2021 227  23  4.37  4.38  4.39  4.40  4.41  4.42  4.43  4.44  4.45  4.46  4.47  4.48  4.43  4.26  4.08  3.90  3.72  3.54  3.36  3.18
2021 228   0  5.77  5.51  5.25  4.99  4.73  4.47  4.21  3.95  3.69  3.43  3.17  2.92  2.84  3.15  3.46  3.77  4.08  4.39  4.70  5.01
2021 228   1  6.82  6.48  6.14  5.80  5.46  5.13  4.79  4.45  4.11  3.78  3.44  3.10  2.99  3.38  3.77  4.15  4.54  4.93  5.31  5.70
2021 228   2  2.94  3.04  3.13  3.23  3.33  3.43  3.53  3.63  3.73  3.83  3.92  4.02  4.08  4.04  4.01  3.97  3.94  3.90  3.87  3.83
2021 228   3  2.20  2.43  2.66  2.89  3.12  3.35  3.58  3.81  4.04  4.27  4.49  4.72  4.86  4.79  4.72  4.65  4.58  4.51  4.44  4.37
2021 228   4  2.89  3.03  3.17  3.31  3.45  3.59  3.73  3.87  4.01  4.15  4.29  4.43  4.53  4.52  4.52  4.51  4.51  4.50  4.50  4.49
2021 228   5  1.62  1.85  2.07  2.29  2.51  2.73  2.96  3.18  3.40  3.62  3.85  4.07  4.21  4.18  4.16  4.13  4.11  4.08  4.05  4.03
2021 228   6  1.60  1.75  1.90  2.05  2.20  2.36  2.51  2.66  2.81  2.96  3.11  3.26  3.39  3.49  3.60  3.70  3.80  3.90  4.00  4.10
2021 228   7  2.42  2.41  2.40  2.40  2.39  2.38  2.38  2.37  2.37  2.36  2.35  2.35  2.40  2.58  2.76  2.94  3.13  3.31  3.49  3.67
2021 228   8  2.13  2.18  2.24  2.29  2.35  2.40  2.46  2.51  2.57  2.62  2.68  2.73  2.89  3.27  3.65  4.03  4.41  4.79  5.17  5.55
2021 228   9  1.00  1.18  1.36  1.54  1.72  1.89  2.07  2.25  2.43  2.61  2.79  2.97  3.24  3.70  4.17  4.63  5.10  5.56  6.03  6.49
2021 228  10  0.54  0.92  1.29  1.66  2.03  2.40  2.77  3.14  3.51  3.88  4.26  4.63  4.91  5.02  5.12  5.23  5.33  5.44  5.54  5.65
2021 228  11  2.35  2.51  2.66  2.81  2.96  3.11  3.27  3.42  3.57  3.72  3.87  4.03  4.17  4.29  4.41  4.53  4.64  4.76  4.88  5.00
2021 228  12  3.09  3.14  3.19  3.23  3.28  3.33  3.37  3.42  3.47  3.52  3.56  3.61  3.68  3.82  3.96  4.10  4.24  4.38  4.51  4.65
2021 228  13  3.61  3.60  3.58  3.57  3.56  3.55  3.54  3.53  3.51  3.50  3.49  3.48  3.54  3.76  3.98  4.20  4.42  4.64  4.86  5.08
2021 228  14  1.78  2.08  2.38  2.68  2.98  3.28  3.58  3.88  4.18  4.48  4.78  5.08  5.20  4.96  4.71  4.47  4.22  3.98  3.73  3.49
2021 228  15  1.37  1.74  2.12  2.50  2.88  3.26  3.63  4.01  4.39  4.77  5.14  5.52  5.63  5.14  4.66  4.17  3.69  3.20  2.72  2.23
2021 228  16  2.17  2.42  2.66  2.91  3.16  3.41  3.65  3.90  4.15  4.40  4.64  4.89  4.90  4.41  3.92  3.43  2.94  2.46  1.97  1.48
2021 228  17  1.80  2.14  2.48  2.81  3.15  3.48  3.82  4.16  4.49  4.83  5.16  5.50  5.55  4.97  4.39  3.82  3.24  2.66  2.08  1.51
2021 228  18  2.40  2.63  2.86  3.08  3.31  3.53  3.76  3.98  4.21  4.43  4.66  4.89  4.92  4.55  4.19  3.82  3.45  3.09  2.72  2.35
2021 228  19  2.28  2.54  2.81  3.08  3.35  3.61  3.88  4.15  4.41  4.68  4.95  5.22  5.25  4.79  4.32  3.86  3.40  2.93  2.47  2.01
2021 228  20  4.02  4.11  4.19  4.27  4.36  4.44  4.53  4.61  4.69  4.78  4.86  4.94  4.86  4.41  3.96  3.51  3.06  2.61  2.16  1.71
2021 228  21  2.92  3.09  3.26  3.43  3.60  3.77  3.94  4.11  4.28  4.45  4.62  4.79  4.80  4.48  4.15  3.83  3.50  3.17  2.84  2.52
2021 228  22  4.08  4.12  4.16  4.21  4.25  4.29  4.33  4.37  4.42  4.46  4.50  4.54  4.52  4.35  4.18  4.02  3.85  3.69  3.52  3.35
2021 228  23  4.05  4.13  4.20  4.28  4.35  4.43  4.50  4.58  4.65  4.73  4.80  4.88  4.90  4.79  4.69  4.59  4.48  4.38  4.28  4.18
2021 229   0  4.78  4.69  4.60  4.51  4.42  4.32  4.23  4.14  4.05  3.96  3.87  3.77  3.76  3.93  4.10  4.27  4.44  4.61  4.78  4.95
2021 229   1  4.82  4.77  4.72  4.68  4.63  4.58  4.54  4.49  4.44  4.39  4.35  4.30  4.29  4.34  4.40  4.46  4.51  4.57  4.62  4.68
2021 229   2  6.88  6.60  6.32  6.04  5.76  5.49  5.21  4.93  4.65  4.37  4.09  3.81  3.72  4.02  4.33  4.63  4.93  5.24  5.54  5.85
2021 229   3  5.76  5.64  5.53  5.42  5.30  5.19  5.08  4.96  4.85  4.74  4.62  4.51  4.49  4.66  4.83  5.00  5.17  5.34  5.51  5.68
2021 229   4  5.57  5.52  5.48  5.44  5.39  5.35  5.31  5.26  5.22  5.18  5.13  5.09  5.09  5.17  5.25  5.33  5.41  5.50  5.58  5.66
2021 229   5  2.61  2.91  3.20  3.50  3.80  4.09  4.39  4.68  4.98  5.28  5.57  5.87  6.14  6.34  6.55  6.75  6.95  7.16  7.36  7.57
2021 229   6  2.07  2.41  2.74  3.07  3.40  3.74  4.07  4.40  4.74  5.07  5.40  5.73  6.11  6.58  7.04  7.51  7.98  8.44  8.91  9.38
2021 229   7  3.17  3.34  3.51  3.68  3.85  4.02  4.19  4.36  4.53  4.70  4.87  5.04  5.35  5.94  6.53  7.12  7.71  8.30  8.90  9.48
2021 229   8  2.55  2.78  3.01  3.25  3.48  3.72  3.95  4.18  4.42  4.65  4.89  5.12  5.48  6.09  6.71  7.33  7.95  8.56  9.18  9.80
2021 229   9  3.44  3.51  3.57  3.64  3.71  3.77  3.84  3.91  3.97  4.04  4.11  4.18  4.53  5.51  6.48  7.46  8.43  9.41 10.39 11.36
2021 229  10  0.88  1.26  1.63  2.02  2.39  2.77  3.15  3.53  3.91  4.29  4.67  5.05  5.60  6.52  7.44  8.36  9.27 10.19 11.11 12.03
2021 229  11  0.18  0.71  1.24  1.76  2.29  2.82  3.35  3.88  4.41  4.93  5.46  5.99  6.54  7.13  7.72  8.31  8.90  9.49 10.09 10.68
2021 229  12  2.71  2.93  3.15  3.37  3.60  3.82  4.04  4.26  4.48  4.70  4.92  5.14  5.49  6.14  6.77  7.41  8.05  8.69  9.33  9.97
2021 229  13  2.03  2.47  2.92  3.36  3.80  4.24  4.68  5.12  5.57  6.01  6.45  6.89  7.29  7.59  7.89  8.19  8.49  8.79  9.09  9.39
2021 229  14  3.65  3.81  3.97  4.14  4.30  4.47  4.63  4.79  4.96  5.12  5.28  5.45  5.70  6.15  6.60  7.05  7.50  7.95  8.40  8.85
2021 229  15  1.89  2.19  2.50  2.81  3.11  3.42  3.73  4.03  4.34  4.65  4.95  5.26  5.58  5.93  6.28  6.64  6.99  7.34  7.69  8.04
2021 229  16  0.00  0.14  0.69  1.23  1.77  2.31  2.85  3.39  3.94  4.48  5.02  5.56  6.06  6.46  6.86  7.25  7.65  8.05  8.45  8.85
2021 229  17  3.37  3.64  3.91  4.19  4.46  4.74  5.01  5.29  5.56  5.84  6.11  6.38  6.58  6.61  6.64  6.66  6.69  6.72  6.75  6.78
2021 229  18  5.18  5.34  5.49  5.65  5.81  5.96  6.12  6.27  6.43  6.58  6.74  6.89  6.93  6.72  6.50  6.29  6.07  5.86  5.64  5.43
2021 229  19  3.93  4.09  4.25  4.41  4.57  4.73  4.89  5.05  5.20  5.36  5.52  5.68  5.80  5.81  5.83  5.85  5.87  5.88  5.90  5.92
2021 229  20  2.45  2.76  3.06  3.36  3.66  3.96  4.26  4.56  4.86  5.16  5.46  5.76  5.99  6.05  6.12  6.18  6.24  6.30  6.37  6.43
2021 229  21  3.45  3.69  3.94  4.18  4.43  4.67  4.91  5.16  5.40  5.65  5.89  6.13  6.31  6.34  6.37  6.40  6.43  6.46  6.49  6.52
2021 229  22  4.22  4.41  4.59  4.78  4.96  5.15  5.34  5.52  5.71  5.89  6.08  6.26  6.42  6.51  6.60  6.69  6.78  6.87  6.97  7.05
2021 229  23  4.47  4.57  4.68  4.79  4.89  5.00  5.10  5.21  5.31  5.42  5.52  5.63  5.76  5.93  6.11  6.28  6.45  6.63  6.80  6.98
2021 230   0  3.19  3.54  3.89  4.25  4.60  4.95  5.31  5.66  6.01  6.36  6.72  7.07  7.27  7.13  6.99  6.86  6.72  6.59  6.45  6.31
2021 230   1  2.83  3.13  3.43  3.73  4.02  4.32  4.62  4.92  5.22  5.51  5.81  6.11  6.28  6.21  6.13  6.05  5.97  5.89  5.81  5.73
2021 230   2  3.69  3.80  3.91  4.03  4.14  4.25  4.36  4.48  4.59  4.70  4.81  4.92  5.03  5.14  5.25  5.36  5.47  5.58  5.68  5.79
2021 230   3  1.21  1.80  2.39  2.97  3.56  4.15  4.74  5.32  5.91  6.50  7.08  7.67  7.94  7.55  7.15  6.75  6.36  5.96  5.56  5.16
2021 230   4  0.23  0.91  1.59  2.27  2.95  3.63  4.31  4.99  5.68  6.36  7.04  7.72  8.02  7.53  7.04  6.54  6.05  5.56  5.06  4.57
2021 230   5  1.07  1.63  2.20  2.76  3.33  3.89  4.46  5.03  5.59  6.16  6.72  7.29  7.53  7.11  6.68  6.25  5.83  5.40  4.97  4.55
2021 230   6  2.59  2.96  3.33  3.70  4.07  4.44  4.81  5.18  5.55  5.92  6.29  6.66  6.89  6.82  6.76  6.69  6.62  6.56  6.49  6.42
2021 230   7  4.20  4.23  4.26  4.28  4.31  4.34  4.37  4.40  4.43  4.45  4.48  4.51  4.57  4.70  4.82  4.95  5.07  5.20  5.33  5.45
2021 230   8  4.04  4.11  4.18  4.25  4.32  4.39  4.46  4.53  4.60  4.67  4.74  4.81  4.89  4.97  5.05  5.13  5.22  5.30  5.38  5.46
2021 230   9  5.41  5.29  5.16  5.05  4.93  4.80  4.68  4.56  4.44  4.32  4.20  4.08  4.07  4.31  4.54  4.78  5.01  5.25  5.48  5.72
2021 230  10  2.18  2.40  2.62  2.84  3.07  3.29  3.51  3.73  3.95  4.17  4.39  4.61  4.80  4.94  5.08  5.22  5.36  5.49  5.63  5.77
2021 230  11  2.45  2.72  2.99  3.25  3.52  3.78  4.05  4.32  4.58  4.85  5.11  5.38  5.54  5.49  5.44  5.39  5.34  5.29  5.24  5.19
2021 230  12  2.21  2.54  2.88  3.21  3.54  3.87  4.20  4.53  4.86  5.19  5.52  5.86  6.05  5.97  5.89  5.81  5.73  5.65  5.57  5.49
2021 230  13  1.26  1.71  2.15  2.59  3.04  3.48  3.92  4.37  4.81  5.25  5.70  6.14  6.38  6.19  6.00  5.81  5.62  5.43  5.24  5.05
2021 230  14  0.51  1.13  1.74  2.36  2.97  3.59  4.20  4.82  5.43  6.05  6.67  7.28  7.57  7.15  6.74  6.32  5.90  5.49  5.07  4.65
2021 230  15  0.61  1.16  1.71  2.26  2.81  3.36  3.92  4.47  5.02  5.57  6.12  6.68  6.94  6.61  6.28  5.95  5.62  5.29  4.96  4.63
2021 230  16  3.38  3.65  3.91  4.17  4.43  4.70  4.96  5.22  5.48  5.75  6.01  6.27  6.32  5.92  5.52  5.12  4.72  4.32  3.92  3.52
2021 230  17  2.07  2.47  2.88  3.29  3.70  4.11  4.52  4.93  5.34  5.75  6.16  6.57  6.69  6.20  5.71  5.22  4.73  4.24  3.74  3.25
2021 230  18  5.37  5.40  5.43  5.45  5.48  5.51  5.54  5.57  5.59  5.62  5.65  5.68  5.68  5.60  5.52  5.45  5.37  5.29  5.21  5.14
2021 230  19  6.84  6.59  6.35  6.10  5.85  5.60  5.36  5.11  4.86  4.61  4.37  4.12  4.11  4.62  5.13  5.63  6.14  6.65  7.15  7.66
2021 230  20  7.00  6.75  6.50  6.25  6.00  5.75  5.49  5.24  4.99  4.74  4.49  4.24  4.16  4.42  4.69  4.95  5.22  5.48  5.75  6.01
2021 230  21  6.30  6.10  5.90  5.70  5.49  5.29  5.09  4.89  4.68  4.48  4.28  4.08  3.96  4.03  4.10  4.17  4.24  4.30  4.37  4.44
2021 230  22  4.62  4.56  4.49  4.43  4.36  4.30  4.23  4.16  4.10  4.03  3.97  3.90  3.84  3.79  3.74  3.69  3.64  3.59  3.54  3.49
2021 230  23  4.96  4.84  4.73  4.61  4.50  4.38  4.26  4.15  4.03  3.92  3.80  3.69  3.71  4.03  4.34  4.66  4.98  5.29  5.61  5.93
2021 231   0  5.24  5.11  4.98  4.85  4.72  4.58  4.45  4.32  4.19  4.05  3.92  3.79  3.85  4.31  4.77  5.23  5.69  6.15  6.61  7.07
2021 231   1  5.02  4.91  4.80  4.69  4.59  4.48  4.37  4.26  4.15  4.04  3.93  3.82  3.82  4.03  4.24  4.45  4.66  4.87  5.08  5.29
2021 231   2  3.88  3.93  3.99  4.05  4.11  4.17  4.23  4.29  4.34  4.40  4.46  4.52  4.71  5.18  5.66  6.13  6.60  7.07  7.54  8.02
2021 231   3  4.59  4.57  4.55  4.53  4.51  4.49  4.46  4.44  4.42  4.40  4.38  4.36  4.42  4.68  4.93  5.19  5.44  5.70  5.95  6.21
2021 231   4  3.82  3.92  4.02  4.13  4.23  4.33  4.43  4.53  4.64  4.74  4.84  4.94  5.01  5.01  5.00  5.00  4.99  4.99  4.99  4.98
2021 231   5  5.13  5.11  5.09  5.07  5.06  5.04  5.03  5.01  4.99  4.97  4.96  4.94  5.01  5.24  5.47  5.71  5.94  6.18  6.41  6.64
2021 231   6  5.67  5.60  5.53  5.45  5.38  5.31  5.24  5.17  5.09  5.02  4.95  4.88  4.95  5.32  5.68  6.05  6.42  6.78  7.15  7.52
2021 231   7  2.63  2.99  3.35  3.71  4.07  4.43  4.79  5.15  5.51  5.87  6.23  6.59  6.81  6.75  6.70  6.64  6.58  6.52  6.47  6.41
2021 231   8  5.79  5.87  5.94  6.02  6.09  6.17  6.24  6.32  6.39  6.47  6.54  6.62  6.71  6.84  6.97  7.09  7.22  7.35  7.48  7.60
2021 231   9  8.22  8.08  7.93  7.79  7.64  7.50  7.36  7.21  7.07  6.93  6.78  6.64  6.57  6.68  6.78  6.89  6.99  7.10  7.20  7.31
2021 231  10  9.52  9.18  8.85  8.51  8.18  7.84  7.51  7.18  6.84  6.51  6.17  5.84  5.70  5.99  6.28  6.57  6.86  7.15  7.44  7.73
2021 231  11  6.73  6.51  6.28  6.06  5.84  5.62  5.39  5.17  4.95  4.73  4.50  4.28  4.32  4.90  5.48  6.06  6.64  7.22  7.80  8.38
2021 231  12  5.05  5.10  5.14  5.18  5.23  5.27  5.31  5.36  5.40  5.44  5.49  5.53  5.69  6.11  6.53  6.94  7.36  7.77  8.19  8.61
2021 231  13  4.35  4.35  4.35  4.36  4.36  4.36  4.36  4.36  4.36  4.37  4.37  4.37  4.49  4.86  5.23  5.59  5.96  6.33  6.70  7.07
2021 231  14  6.10  5.89  5.68  5.46  5.25  5.04  4.83  4.61  4.40  4.19  3.98  3.76  3.71  3.98  4.26  4.53  4.81  5.08  5.36  5.63
2021 231  15  4.97  4.85  4.72  4.59  4.47  4.34  4.21  4.09  3.96  3.83  3.70  3.58  3.56  3.80  4.03  4.26  4.49  4.72  4.96  5.19
2021 231  16  4.45  4.35  4.26  4.17  4.08  3.99  3.90  3.81  3.72  3.63  3.54  3.45  3.45  3.63  3.82  4.00  4.19  4.37  4.55  4.74
2021 231  17  4.85  4.68  4.50  4.33  4.16  3.98  3.81  3.63  3.46  3.29  3.11  2.94  2.89  3.11  3.33  3.55  3.76  3.98  4.20  4.42
2021 231  18  5.26  5.09  4.92  4.74  4.57  4.40  4.23  4.06  3.88  3.71  3.54  3.37  3.29  3.40  3.52  3.64  3.76  3.87  3.99  4.11
2021 231  19  6.99  6.54  6.08  5.63  5.17  4.72  4.26  3.81  3.35  2.90  2.44  1.99  1.80  2.16  2.52  2.88  3.24  3.61  3.97  4.33
2021 231  20  7.47  7.00  6.54  6.07  5.60  5.14  4.67  4.20  3.74  3.27  2.80  2.34  2.15  2.56  2.97  3.38  3.80  4.21  4.62  5.03
2021 231  21  7.49  6.99  6.50  6.00  5.50  5.01  4.51  4.01  3.52  3.02  2.52  2.03  1.88  2.47  3.06  3.65  4.24  4.83  5.43  6.01
2021 231  22  6.96  6.60  6.23  5.87  5.51  5.14  4.78  4.42  4.05  3.69  3.33  2.97  2.87  3.34  3.80  4.27  4.74  5.20  5.67  6.14
2021 231  23  6.55  6.27  5.98  5.70  5.41  5.13  4.84  4.56  4.28  3.99  3.71  3.42  3.39  3.89  4.40  4.90  5.41  5.91  6.41  6.92
2021 232   0  6.77  6.50  6.24  5.98  5.72  5.45  5.19  4.93  4.67  4.40  4.14  3.88  3.86  4.36  4.86  5.35  5.85  6.35  6.85  7.35
2021 232   1  8.27  7.86  7.46  7.06  6.66  6.25  5.85  5.45  5.04  4.64  4.24  3.83  3.73  4.26  4.79  5.32  5.86  6.39  6.92  7.45
2021 232   2  6.41  6.20  6.00  5.79  5.58  5.38  5.17  4.96  4.75  4.55  4.34  4.13  4.15  4.64  5.14  5.63  6.13  6.62  7.12  7.61
2021 232   3  5.67  5.52  5.37  5.23  5.08  4.93  4.79  4.64  4.49  4.34  4.20  4.05  4.09  4.55  5.01  5.46  5.91  6.37  6.82  7.28
2021 232   4  6.43  6.18  5.94  5.69  5.45  5.20  4.96  4.71  4.47  4.22  3.97  3.73  3.74  4.30  4.86  5.42  5.98  6.55  7.11  7.67
2021 232   5  3.13  3.22  3.30  3.38  3.47  3.55  3.63  3.72  3.80  3.89  3.97  4.05  4.27  4.79  5.30  5.82  6.33  6.84  7.36  7.87
2021 232   6  2.30  2.46  2.62  2.78  2.94  3.11  3.27  3.43  3.59  3.76  3.92  4.08  4.38  4.96  5.54  6.12  6.70  7.28  7.86  8.44
2021 232   7  2.58  2.79  3.00  3.21  3.42  3.63  3.84  4.05  4.26  4.47  4.69  4.90  5.18  5.63  6.08  6.53  6.98  7.43  7.88  8.33
2021 232   8  1.36  1.68  2.00  2.32  2.64  2.96  3.29  3.61  3.93  4.25  4.57  4.89  5.25  5.69  6.13  6.57  7.01  7.45  7.89  8.34
2021 232   9  2.39  2.60  2.81  3.02  3.22  3.43  3.64  3.85  4.06  4.27  4.48  4.69  4.99  5.51  6.03  6.54  7.06  7.57  8.09  8.60
2021 232  10  3.16  3.30  3.44  3.58  3.72  3.86  4.00  4.14  4.28  4.42  4.56  4.70  4.98  5.56  6.13  6.70  7.28  7.85  8.42  9.00
2021 232  11  2.35  2.54  2.74  2.93  3.13  3.32  3.52  3.71  3.91  4.11  4.30  4.50  4.82  5.42  6.02  6.61  7.21  7.81  8.41  9.01
2021 232  12  1.68  1.97  2.26  2.54  2.83  3.12  3.41  3.69  3.98  4.27  4.56  4.84  5.24  5.86  6.48  7.11  7.73  8.35  8.97  9.60
2021 232  13  2.37  2.54  2.71  2.88  3.06  3.23  3.40  3.57  3.75  3.92  4.09  4.26  4.59  5.26  5.92  6.59  7.25  7.91  8.58  9.24
2021 232  14  1.85  2.08  2.32  2.56  2.80  3.03  3.27  3.51  3.75  3.98  4.22  4.46  4.74  5.12  5.50  5.89  6.27  6.65  7.03  7.41
2021 232  15  2.67  2.82  2.97  3.12  3.27  3.42  3.58  3.73  3.88  4.03  4.18  4.33  4.55  4.93  5.32  5.70  6.08  6.47  6.85  7.23
2021 232  16  3.34  3.39  3.44  3.49  3.55  3.60  3.64  3.69  3.74  3.80  3.85  3.90  4.05  4.44  4.83  5.22  5.61  5.99  6.38  6.77
2021 232  17  5.10  5.01  4.93  4.84  4.76  4.67  4.58  4.50  4.41  4.33  4.24  4.16  4.20  4.51  4.83  5.14  5.45  5.76  6.08  6.39
2021 232  18  3.07  3.21  3.35  3.48  3.62  3.76  3.90  4.04  4.18  4.32  4.46  4.60  4.77  5.02  5.27  5.53  5.78  6.03  6.28  6.53
2021 232  19  2.72  2.90  3.07  3.25  3.43  3.61  3.78  3.96  4.14  4.32  4.49  4.67  4.85  5.04  5.24  5.43  5.62  5.81  6.01  6.20
2021 232  20  3.00  3.19  3.38  3.57  3.76  3.95  4.14  4.33  4.51  4.70  4.89  5.08  5.24  5.33  5.43  5.52  5.61  5.70  5.80  5.89
2021 232  21  3.91  4.04  4.16  4.28  4.40  4.53  4.65  4.77  4.89  5.01  5.14  5.26  5.33  5.32  5.30  5.28  5.26  5.24  5.22  5.20
2021 232  22  4.74  4.79  4.84  4.88  4.93  4.98  5.02  5.07  5.12  5.16  5.21  5.26  5.27  5.22  5.17  5.12  5.06  5.01  4.96  4.91
2021 232  23  3.02  3.21  3.41  3.61  3.81  4.01  4.21  4.41  4.61  4.81  5.01  5.20  5.38  5.49  5.60  5.71  5.82  5.93  6.04  6.15
2021 233   0  4.49  4.55  4.61  4.66  4.72  4.77  4.83  4.88  4.94  4.99  5.05  5.10  5.21  5.44  5.67  5.89  6.12  6.35  6.58  6.80
2021 233   1  4.12  4.24  4.36  4.49  4.61  4.73  4.85  4.97  5.09  5.21  5.33  5.45  5.62  5.90  6.18  6.45  6.73  7.01  7.29  7.57
2021 233   2  2.90  3.19  3.47  3.76  4.04  4.33  4.62  4.90  5.19  5.47  5.76  6.05  6.27  6.36  6.46  6.55  6.65  6.74  6.84  6.93
2021 233   3  5.08  5.24  5.39  5.54  5.69  5.84  6.00  6.15  6.30  6.45  6.60  6.76  6.88  6.94  6.99  7.05  7.11  7.17  7.22  7.28
2021 233   4  5.06  5.14  5.23  5.31  5.39  5.47  5.55  5.64  5.72  5.80  5.88  5.96  6.09  6.32  6.55  6.79  7.02  7.25  7.48  7.71
2021 233   5  4.69  4.85  5.01  5.17  5.33  5.49  5.65  5.81  5.97  6.12  6.28  6.44  6.51  6.40  6.28  6.17  6.05  5.94  5.82  5.70
2021 233   6  4.35  4.58  4.81  5.04  5.27  5.50  5.73  5.96  6.19  6.42  6.64  6.87  6.97  6.80  6.63  6.45  6.28  6.11  5.94  5.76
2021 233   7  5.30  5.43  5.56  5.69  5.82  5.96  6.09  6.22  6.35  6.49  6.62  6.75  6.92  7.19  7.45  7.72  7.98  8.24  8.51  8.77
2021 233   8  5.36  5.51  5.66  5.81  5.96  6.11  6.26  6.40  6.55  6.70  6.85  7.00  7.16  7.34  7.52  7.70  7.89  8.07  8.25  8.43
2021 233   9  5.72  5.77  5.82  5.87  5.92  5.97  6.03  6.08  6.13  6.18  6.23  6.28  6.39  6.63  6.86  7.09  7.32  7.55  7.78  8.01
2021 233  10  4.26  4.42  4.59  4.75  4.92  5.08  5.25  5.41  5.58  5.75  5.91  6.08  6.24  6.39  6.54  6.70  6.85  7.00  7.15  7.30
2021 233  11  2.85  3.10  3.34  3.59  3.84  4.09  4.33  4.58  4.83  5.08  5.32  5.57  5.83  6.09  6.36  6.63  6.90  7.16  7.43  7.70
2021 233  12  0.00  0.00  0.00  0.00  0.25  0.97  1.70  2.42  3.14  3.87  4.59  5.32  5.80  5.77  5.74  5.71  5.68  5.65  5.62  5.59
2021 233  13  0.94  1.35  1.76  2.16  2.57  2.98  3.38  3.79  4.20  4.60  5.01  5.41  5.63  5.42  5.22  5.01  4.81  4.60  4.40  4.19
2021 233  14  2.58  2.81  3.05  3.28  3.52  3.76  3.99  4.23  4.46  4.70  4.93  5.17  5.31  5.25  5.20  5.14  5.08  5.02  4.97  4.91
2021 233  15  5.24  5.24  5.25  5.25  5.25  5.26  5.26  5.26  5.27  5.27  5.27  5.28  5.25  5.16  5.08  4.99  4.90  4.82  4.73  4.64
2021 233  16  4.49  4.55  4.61  4.67  4.73  4.79  4.85  4.91  4.97  5.03  5.09  5.15  5.16  5.07  4.97  4.88  4.79  4.70  4.60  4.51
2021 233  17  4.21  4.29  4.37  4.45  4.53  4.61  4.68  4.76  4.84  4.92  5.00  5.08  5.10  5.01  4.91  4.82  4.72  4.63  4.53  4.44
2021 233  18  6.44  6.28  6.11  5.94  5.77  5.61  5.44  5.27  5.11  4.94  4.77  4.60  4.50  4.52  4.54  4.57  4.59  4.61  4.63  4.66
2021 233  19  7.01  6.79  6.57  6.35  6.13  5.91  5.69  5.47  5.26  5.04  4.82  4.60  4.47  4.52  4.58  4.64  4.69  4.75  4.80  4.86
2021 233  20  7.24  7.03  6.82  6.61  6.40  6.19  5.98  5.77  5.55  5.34  5.13  4.92  4.80  4.85  4.91  4.96  5.01  5.07  5.12  5.18
2021 233  21  4.04  4.16  4.28  4.39  4.51  4.63  4.74  4.86  4.98  5.10  5.21  5.33  5.37  5.25  5.13  5.01  4.89  4.77  4.65  4.53
2021 233  22  3.88  4.02  4.15  4.29  4.43  4.56  4.70  4.84  4.97  5.11  5.25  5.39  5.46  5.39  5.31  5.24  5.17  5.10  5.03  4.95
2021 233  23  4.97  4.99  5.01  5.03  5.04  5.06  5.07  5.09  5.11  5.13  5.14  5.16  5.18  5.19  5.21  5.22  5.24  5.25  5.27  5.28
2021 234   0  3.96  4.02  4.07  4.12  4.17  4.22  4.28  4.33  4.38  4.43  4.48  4.53  4.63  4.80  4.98  5.15  5.32  5.50  5.68  5.85
2021 234   1  3.29  3.44  3.59  3.73  3.88  4.03  4.17  4.32  4.47  4.62  4.76  4.91  5.04  5.12  5.20  5.29  5.37  5.46  5.54  5.62
2021 234   2  3.00  3.13  3.26  3.39  3.52  3.65  3.78  3.91  4.04  4.17  4.30  4.43  4.57  4.74  4.90  5.07  5.23  5.39  5.56  5.72
2021 234   3  3.12  3.28  3.44  3.60  3.76  3.93  4.09  4.25  4.41  4.57  4.74  4.90  5.05  5.18  5.31  5.44  5.57  5.70  5.83  5.96
2021 234   4  4.09  4.17  4.24  4.32  4.39  4.47  4.54  4.62  4.69  4.77  4.84  4.92  5.01  5.12  5.24  5.35  5.47  5.58  5.70  5.82
2021 234   5  4.68  4.70  4.72  4.74  4.76  4.78  4.80  4.82  4.84  4.86  4.88  4.90  4.98  5.19  5.41  5.62  5.84  6.05  6.27  6.48
2021 234   6  4.54  4.63  4.72  4.81  4.90  5.00  5.09  5.18  5.27  5.36  5.45  5.55  5.64  5.73  5.82  5.91  5.99  6.08  6.17  6.26
2021 234   7  2.29  2.62  2.94  3.27  3.60  3.92  4.25  4.57  4.90  5.23  5.55  5.88  6.11  6.15  6.19  6.23  6.27  6.31  6.35  6.39
2021 234   8  1.41  1.82  2.23  2.64  3.06  3.47  3.88  4.30  4.71  5.12  5.54  5.95  6.26  6.35  6.45  6.54  6.63  6.72  6.82  6.91
2021 234   9  1.90  2.31  2.72  3.12  3.53  3.94  4.34  4.75  5.16  5.56  5.97  6.37  6.67  6.72  6.76  6.81  6.86  6.91  6.96  7.01
2021 234  10  2.29  2.65  3.01  3.37  3.73  4.09  4.45  4.81  5.17  5.53  5.89  6.25  6.50  6.55  6.59  6.64  6.68  6.72  6.77  6.81
2021 234  11  2.64  2.91  3.18  3.45  3.72  3.99  4.26  4.53  4.80  5.07  5.34  5.61  5.84  5.99  6.15  6.30  6.45  6.61  6.76  6.92
2021 234  12  3.06  3.24  3.43  3.61  3.80  3.98  4.16  4.35  4.53  4.72  4.90  5.09  5.28  5.50  5.71  5.93  6.15  6.36  6.58  6.80
2021 234  13  4.18  4.20  4.21  4.22  4.24  4.25  4.26  4.28  4.29  4.30  4.32  4.33  4.43  4.72  5.02  5.31  5.60  5.89  6.18  6.48
2021 234  14  3.80  3.86  3.92  3.99  4.05  4.12  4.18  4.24  4.31  4.37  4.43  4.50  4.59  4.74  4.90  5.05  5.20  5.36  5.51  5.67
2021 234  15  6.36  6.20  6.04  5.87  5.71  5.55  5.38  5.22  5.05  4.89  4.72  4.56  4.44  4.43  4.41  4.39  4.37  4.36  4.34  4.32
2021 234  16  7.24  6.97  6.71  6.44  6.18  5.91  5.65  5.39  5.12  4.86  4.59  4.33  4.14  4.12  4.10  4.08  4.06  4.04  4.02  4.00
2021 234  17  7.28  7.01  6.74  6.46  6.19  5.91  5.64  5.36  5.09  4.82  4.54  4.27  4.04  3.92  3.79  3.67  3.54  3.42  3.30  3.17
2021 234  18  8.16  7.78  7.41  7.04  6.66  6.29  5.92  5.55  5.17  4.80  4.43  4.05  3.74  3.54  3.34  3.14  2.94  2.74  2.54  2.34
2021 234  19  7.83  7.49  7.15  6.82  6.48  6.14  5.81  5.47  5.14  4.80  4.47  4.13  3.85  3.70  3.54  3.39  3.23  3.08  2.93  2.77
2021 234  20  7.64  7.31  6.98  6.66  6.33  6.00  5.67  5.34  5.02  4.69  4.36  4.03  3.78  3.68  3.58  3.48  3.39  3.29  3.19  3.09
2021 234  21  7.23  6.96  6.70  6.43  6.17  5.91  5.64  5.38  5.11  4.85  4.58  4.32  4.09  3.91  3.74  3.57  3.40  3.23  3.06  2.89
2021 234  22  6.07  5.93  5.79  5.65  5.51  5.37  5.23  5.09  4.95  4.81  4.67  4.53  4.38  4.21  4.05  3.88  3.72  3.56  3.39  3.23
2021 234  23  5.40  5.33  5.27  5.20  5.13  5.07  5.00  4.93  4.87  4.80  4.73  4.66  4.58  4.47  4.35  4.24  4.12  4.01  3.89  3.78
2021 235   0  6.31  6.17  6.03  5.89  5.76  5.62  5.48  5.34  5.20  5.06  4.92  4.78  4.65  4.53  4.40  4.28  4.15  4.03  3.91  3.78
2021 235   1  6.52  6.36  6.20  6.05  5.89  5.74  5.58  5.43  5.27  5.12  4.96  4.81  4.69  4.65  4.61  4.57  4.53  4.49  4.46  4.42
2021 235   2  6.28  6.12  5.96  5.80  5.65  5.49  5.33  5.18  5.02  4.86  4.70  4.55  4.45  4.46  4.48  4.50  4.52  4.53  4.55  4.57
2021 235   3  3.47  3.63  3.79  3.95  4.11  4.27  4.43  4.59  4.74  4.90  5.06  5.22  5.27  5.10  4.92  4.75  4.57  4.40  4.22  4.05
2021 235   4  4.47  4.62  4.76  4.91  5.05  5.20  5.34  5.49  5.64  5.78  5.93  6.07  6.10  5.87  5.64  5.41  5.19  4.96  4.73  4.51
2021 235   5  4.93  5.04  5.15  5.26  5.37  5.48  5.59  5.70  5.81  5.92  6.03  6.14  6.15  5.92  5.69  5.46  5.23  5.00  4.77  4.54
2021 235   6  4.39  4.56  4.73  4.91  5.08  5.25  5.42  5.59  5.77  5.94  6.11  6.28  6.30  5.99  5.67  5.36  5.05  4.74  4.42  4.11
2021 235   7  2.59  2.94  3.29  3.65  4.00  4.35  4.71  5.06  5.41  5.76  6.12  6.47  6.60  6.27  5.94  5.61  5.28  4.94  4.61  4.28
2021 235   8  3.75  3.95  4.14  4.33  4.52  4.72  4.91  5.10  5.29  5.49  5.68  5.87  5.93  5.73  5.53  5.33  5.12  4.92  4.72  4.52
2021 235   9  4.27  4.42  4.56  4.71  4.85  5.00  5.14  5.29  5.43  5.58  5.73  5.87  5.94  5.84  5.75  5.66  5.56  5.47  5.37  5.28
2021 235  10  5.58  5.60  5.61  5.62  5.64  5.65  5.66  5.68  5.69  5.70  5.72  5.73  5.72  5.68  5.63  5.58  5.53  5.48  5.43  5.38
2021 235  11  4.47  4.56  4.64  4.72  4.81  4.89  4.97  5.06  5.14  5.23  5.31  5.39  5.41  5.30  5.19  5.08  4.97  4.86  4.74  4.63
2021 235  12  5.66  5.59  5.52  5.44  5.37  5.30  5.23  5.16  5.09  5.01  4.94  4.87  4.83  4.85  4.87  4.89  4.91  4.93  4.95  4.97
2021 235  13  3.87  3.91  3.94  3.98  4.02  4.05  4.09  4.13  4.16  4.20  4.24  4.28  4.35  4.51  4.66  4.82  4.98  5.14  5.29  5.45
2021 235  14  4.78  4.80  4.83  4.86  4.89  4.91  4.94  4.97  4.99  5.02  5.05  5.07  5.08  5.04  5.01  4.97  4.94  4.90  4.87  4.83
2021 235  15  7.33  7.10  6.87  6.63  6.40  6.16  5.93  5.70  5.46  5.23  4.99  4.76  4.61  4.64  4.67  4.70  4.73  4.76  4.79  4.82
2021 235  16  8.70  8.37  8.04  7.72  7.39  7.06  6.73  6.40  6.08  5.75  5.42  5.09  4.87  4.89  4.90  4.92  4.93  4.94  4.96  4.97
2021 235  17  9.27  8.82  8.38  7.94  7.50  7.06  6.62  6.18  5.74  5.29  4.85  4.41  4.14  4.24  4.34  4.45  4.55  4.65  4.75  4.85
2021 235  18  9.14  8.69  8.25  7.81  7.37  6.93  6.49  6.05  5.61  5.16  4.72  4.28  4.06  4.32  4.57  4.83  5.08  5.34  5.59  5.85
2021 235  19 10.81 10.28  9.75  9.22  8.68  8.15  7.62  7.09  6.56  6.03  5.49  4.96  4.67  4.88  5.09  5.30  5.51  5.72  5.94  6.15
2021 235  20  9.15  8.82  8.49  8.16  7.84  7.51  7.18  6.85  6.53  6.20  5.87  5.54  5.36  5.47  5.59  5.71  5.83  5.94  6.06  6.18
2021 235  21  6.83  6.78  6.72  6.66  6.61  6.55  6.49  6.44  6.38  6.32  6.27  6.21  6.17  6.17  6.17  6.18  6.18  6.18  6.18  6.18
2021 235  22  4.64  4.79  4.94  5.08  5.23  5.38  5.52  5.67  5.82  5.97  6.11  6.26  6.35  6.30  6.26  6.22  6.17  6.13  6.08  6.04
2021 235  23  5.02  5.11  5.21  5.30  5.40  5.49  5.59  5.68  5.78  5.88  5.97  6.07  6.19  6.37  6.55  6.73  6.91  7.10  7.28  7.46
2021 236   0  5.23  5.30  5.38  5.45  5.53  5.60  5.67  5.75  5.82  5.89  5.97  6.04  6.16  6.37  6.59  6.80  7.01  7.22  7.44  7.65
2021 236   1  3.52  3.82  4.12  4.43  4.73  5.04  5.34  5.65  5.95  6.25  6.56  6.86  7.08  7.11  7.14  7.17  7.20  7.23  7.26  7.29
2021 236   2  2.53  2.95  3.37  3.79  4.21  4.64  5.06  5.48  5.90  6.32  6.74  7.16  7.55  7.85  8.16  8.46  8.76  9.07  9.37  9.68
2021 236   3  2.18  2.66  3.13  3.61  4.08  4.56  5.03  5.51  5.98  6.46  6.93  7.41  7.79  7.97  8.14  8.32  8.50  8.68  8.86  9.03
2021 236   4  0.00  0.00  0.00  0.80  1.59  2.38  3.18  3.97  4.77  5.56  6.36  7.15  7.85  8.33  8.82  9.31  9.80 10.28 10.77 11.26
2021 236   5  1.01  1.61  2.22  2.82  3.42  4.03  4.63  5.24  5.84  6.44  7.05  7.65  8.18  8.56  8.94  9.31  9.69 10.07 10.45 10.82
2021 236   6  2.34  2.83  3.33  3.82  4.31  4.80  5.30  5.79  6.28  6.78  7.27  7.76  8.17  8.38  8.59  8.80  9.01  9.23  9.44  9.65
2021 236   7  2.45  2.90  3.34  3.78  4.23  4.67  5.11  5.56  6.00  6.44  6.89  7.33  7.74  8.08  8.43  8.77  9.11  9.45  9.80 10.14
2021 236   8  8.89  8.77  8.65  8.52  8.40  8.28  8.16  8.04  7.92  7.80  7.68  7.56  7.63  8.09  8.55  9.01  9.47  9.93 10.39 10.85
2021 236   9 10.17  9.98  9.78  9.58  9.38  9.18  8.98  8.78  8.58  8.38  8.18  7.99  7.94  8.21  8.49  8.76  9.04  9.31  9.59  9.86
2021 236  10  8.08  7.99  7.91  7.83  7.75  7.67  7.59  7.50  7.42  7.34  7.26  7.18  7.30  7.88  8.45  9.02  9.60 10.17 10.74 11.32
2021 236  11  6.83  7.04  7.25  7.46  7.66  7.87  8.08  8.29  8.50  8.71  8.92  9.13  9.35  9.60  9.85 10.10 10.35 10.60 10.85 11.10
2021 236  12  6.19  6.55  6.91  7.27  7.63  7.99  8.35  8.71  9.07  9.43  9.79 10.15 10.29  9.98  9.66  9.35  9.04  8.73  8.41  8.10
2021 236  13  7.92  8.15  8.39  8.62  8.86  9.10  9.33  9.57  9.80 10.04 10.27 10.51 10.75 11.00 11.25 11.49 11.74 11.99 12.24 12.49
2021 236  14  9.70  9.78  9.86  9.94 10.02 10.10 10.18 10.26 10.35 10.43 10.51 10.59 10.81 11.36 11.90 12.45 13.00 13.54 14.09 14.63
2021 236  15 10.11 10.16 10.21 10.25 10.30 10.35 10.39 10.44 10.49 10.53 10.58 10.63 10.84 11.41 11.98 12.55 13.11 13.68 14.25 14.82
2021 236  16 10.70 10.62 10.55 10.47 10.39 10.31 10.24 10.16 10.08 10.01  9.93  9.85 10.08 10.96 11.84 12.73 13.61 14.49 15.37 16.25
2021 236  17 11.14 10.99 10.84 10.70 10.55 10.40 10.26 10.11  9.96  9.81  9.67  9.52  9.73 10.71 11.68 12.66 13.63 14.61 15.59 16.56
2021 236  18 11.36 11.08 10.80 10.51 10.23  9.95  9.66  9.38  9.10  8.82  8.53  8.25  8.45  9.68 10.90 12.12 13.35 14.57 15.79 17.02
2021 236  19  9.47  9.31  9.14  8.97  8.80  8.64  8.47  8.30  8.14  7.97  7.80  7.63  7.93  9.20 10.48 11.75 13.03 14.30 15.57 16.85
2021 236  20  7.27  7.40  7.54  7.67  7.81  7.95  8.08  8.22  8.35  8.49  8.62  8.76  9.13 10.01 10.88 11.76 12.63 13.51 14.39 15.26
2021 236  21  4.70  5.07  5.44  5.82  6.19  6.57  6.94  7.32  7.69  8.07  8.44  8.81  9.35 10.24 11.13 12.01 12.90 13.78 14.67 15.56
2021 236  22  4.81  5.09  5.37  5.66  5.94  6.22  6.51  6.79  7.07  7.35  7.64  7.92  8.45  9.51 10.56 11.62 12.68 13.74 14.80 15.85
2021 236  23  6.90  6.99  7.08  7.16  7.25  7.34  7.43  7.51  7.60  7.69  7.77  7.86  8.22  9.17 10.12 11.07 12.02 12.97 13.92 14.87
2021 237   0  7.29  7.36  7.43  7.51  7.58  7.65  7.72  7.79  7.86  7.94  8.01  8.08  8.41  9.27 10.14 11.01 11.88 12.74 13.61 14.48
2021 237   1  7.63  7.65  7.67  7.70  7.72  7.74  7.77  7.79  7.81  7.84  7.86  7.88  8.15  8.94  9.73 10.52 11.31 12.10 12.89 13.68
2021 237   2  8.12  8.17  8.22  8.27  8.32  8.37  8.41  8.46  8.51  8.56  8.61  8.66  8.87  9.43  9.99 10.55 11.11 11.67 12.23 12.78
2021 237   3  7.89  7.94  7.99  8.04  8.09  8.14  8.19  8.23  8.28  8.33  8.38  8.43  8.61  9.08  9.55 10.02 10.49 10.96 11.43 11.90
2021 237   4  8.64  8.64  8.65  8.65  8.65  8.66  8.66  8.66  8.67  8.67  8.67  8.68  8.80  9.19  9.58  9.97 10.36 10.74 11.13 11.52
2021 237   5 10.44 10.21  9.99  9.77  9.54  9.32  9.09  8.87  8.65  8.42  8.20  7.97  7.96  8.38  8.81  9.23  9.65 10.08 10.51 10.93
2021 237   6  8.34  8.35  8.36  8.37  8.38  8.39  8.40  8.41  8.42  8.43  8.44  8.45  8.55  8.85  9.14  9.43  9.72 10.01 10.31 10.60
2021 237   7  9.31  9.11  8.90  8.70  8.50  8.29  8.09  7.89  7.68  7.48  7.27  7.07  7.08  7.56  8.03  8.51  8.98  9.46  9.94 10.41
2021 237   8  9.70  9.47  9.24  9.02  8.79  8.57  8.34  8.12  7.89  7.66  7.44  7.21  7.22  7.74  8.25  8.77  9.28  9.79 10.31 10.82
2021 237   9  9.33  9.09  8.85  8.61  8.37  8.13  7.89  7.65  7.41  7.16  6.93  6.68  6.68  7.17  7.66  8.16  8.65  9.14  9.64 10.13
2021 237  10  8.29  8.12  7.95  7.78  7.61  7.44  7.27  7.10  6.93  6.76  6.59  6.42  6.45  6.93  7.40  7.87  8.35  8.82  9.29  9.77
2021 237  11  7.16  7.04  6.91  6.80  6.68  6.55  6.43  6.31  6.19  6.07  5.95  5.83  5.91  6.39  6.88  7.36  7.85  8.34  8.82  9.31
2021 237  12  6.68  6.57  6.47  6.36  6.25  6.14  6.04  5.93  5.82  5.72  5.61  5.50  5.57  6.03  6.49  6.94  7.39  7.85  8.30  8.76
2021 237  13  8.41  8.07  7.73  7.39  7.05  6.71  6.37  6.03  5.68  5.34  5.00  4.66  4.63  5.25  5.87  6.49  7.10  7.72  8.34  8.96
2021 237  14  8.45  8.07  7.70  7.32  6.93  6.56  6.18  5.80  5.42  5.04  4.66  4.28  4.23  4.89  5.55  6.20  6.86  7.52  8.17  8.83
2021 237  15  6.88  6.68  6.49  6.29  6.09  5.89  5.69  5.49  5.29  5.09  4.89  4.70  4.71  5.19  5.67  6.15  6.63  7.11  7.59  8.07
2021 237  16  6.85  6.71  6.57  6.43  6.30  6.16  6.02  5.88  5.74  5.60  5.46  5.32  5.31  5.55  5.79  6.03  6.26  6.50  6.74  6.98
2021 237  17  4.67  4.73  4.79  4.85  4.91  4.98  5.04  5.10  5.16  5.22  5.29  5.35  5.42  5.52  5.63  5.73  5.83  5.93  6.03  6.13
2021 237  18  4.49  4.53  4.57  4.61  4.64  4.68  4.72  4.76  4.80  4.84  4.88  4.91  4.96  5.03  5.09  5.16  5.23  5.29  5.36  5.43
2021 237  19  4.74  4.73  4.71  4.69  4.67  4.65  4.63  4.62  4.60  4.58  4.56  4.54  4.55  4.60  4.66  4.72  4.77  4.83  4.88  4.94
2021 237  20  3.72  3.81  3.90  4.00  4.09  4.18  4.28  4.37  4.47  4.56  4.65  4.75  4.77  4.64  4.50  4.37  4.24  4.10  3.97  3.84
2021 237  21  3.94  4.07  4.20  4.32  4.45  4.57  4.70  4.82  4.95  5.07  5.20  5.32  5.30  4.95  4.61  4.27  3.92  3.58  3.23  2.89
2021 237  22  7.61  7.34  7.07  6.80  6.53  6.26  5.99  5.72  5.45  5.18  4.91  4.63  4.36  4.07  3.78  3.49  3.20  2.91  2.63  2.34
2021 237  23  7.22  6.97  6.73  6.48  6.23  5.98  5.74  5.49  5.24  4.99  4.75  4.50  4.24  3.98  3.71  3.44  3.17  2.91  2.64  2.37
2021 238   0  4.28  4.38  4.47  4.57  4.67  4.77  4.87  4.97  5.07  5.17  5.26  5.36  5.28  4.79  4.31  3.82  3.34  2.85  2.37  1.88
2021 238   1  4.70  4.70  4.71  4.71  4.71  4.72  4.72  4.72  4.73  4.73  4.73  4.74  4.65  4.36  4.07  3.78  3.49  3.20  2.92  2.63
2021 238   2  5.71  5.59  5.48  5.37  5.25  5.14  5.03  4.91  4.80  4.68  4.57  4.46  4.33  4.19  4.05  3.90  3.76  3.62  3.47  3.33
2021 238   3  6.19  6.03  5.88  5.73  5.58  5.43  5.27  5.12  4.97  4.82  4.67  4.51  4.39  4.35  4.30  4.25  4.21  4.16  4.11  4.06
2021 238   4  7.00  6.73  6.46  6.19  5.92  5.65  5.38  5.11  4.84  4.57  4.30  4.02  3.91  4.15  4.38  4.61  4.84  5.08  5.31  5.54
2021 238   5  6.76  6.52  6.27  6.03  5.78  5.54  5.30  5.05  4.81  4.56  4.32  4.08  3.99  4.23  4.47  4.71  4.95  5.19  5.43  5.68
2021 238   6  6.82  6.56  6.29  6.02  5.76  5.49  5.22  4.95  4.68  4.42  4.15  3.88  3.83  4.22  4.62  5.01  5.41  5.80  6.20  6.59
2021 238   7  4.94  4.89  4.85  4.80  4.76  4.71  4.67  4.62  4.58  4.53  4.49  4.44  4.47  4.68  4.88  5.08  5.28  5.48  5.68  5.88
2021 238   8  6.15  5.98  5.82  5.65  5.48  5.31  5.14  4.97  4.80  4.63  4.46  4.30  4.25  4.47  4.70  4.92  5.15  5.37  5.59  5.82
2021 238   9  6.54  6.29  6.04  5.79  5.54  5.29  5.05  4.80  4.55  4.30  4.05  3.80  3.73  4.03  4.33  4.63  4.94  5.24  5.54  5.84
2021 238  10  5.86  5.60  5.34  5.07  4.81  4.55  4.29  4.03  3.77  3.51  3.25  2.99  2.93  3.30  3.68  4.05  4.43  4.80  5.17  5.55
2021 238  11  6.24  5.95  5.67  5.38  5.10  4.81  4.52  4.24  3.95  3.67  3.38  3.09  2.98  3.25  3.51  3.77  4.03  4.30  4.56  4.82
2021 238  12  4.46  4.32  4.18  4.05  3.91  3.77  3.63  3.49  3.35  3.21  3.07  2.93  2.90  3.08  3.25  3.43  3.61  3.79  3.97  4.14
2021 238  13  4.16  4.03  3.90  3.78  3.65  3.53  3.40  3.28  3.15  3.03  2.90  2.78  2.73  2.86  2.99  3.11  3.24  3.37  3.50  3.62
2021 238  14  4.74  4.63  4.52  4.41  4.30  4.19  4.08  3.97  3.86  3.75  3.63  3.53  3.45  3.46  3.46  3.47  3.47  3.48  3.48  3.49
2021 238  15  4.53  4.50  4.47  4.44  4.40  4.37  4.34  4.31  4.28  4.24  4.21  4.18  4.11  3.97  3.83  3.69  3.55  3.41  3.27  3.12
2021 238  16  4.99  4.76  4.53  4.30  4.07  3.84  3.61  3.38  3.15  2.92  2.69  2.47  2.40  2.67  2.95  3.23  3.50  3.78  4.06  4.33
2021 238  17  4.59  4.41  4.24  4.06  3.89  3.71  3.54  3.36  3.19  3.01  2.84  2.66  2.58  2.68  2.80  2.91  3.02  3.13  3.24  3.35
2021 238  18  3.81  3.71  3.60  3.50  3.40  3.29  3.19  3.09  2.98  2.88  2.77  2.67  2.62  2.68  2.73  2.79  2.85  2.91  2.96  3.02
2021 238  19  3.39  3.29  3.19  3.09  2.98  2.88  2.78  2.68  2.58  2.47  2.37  2.27  2.37  2.89  3.41  3.93  4.45  4.97  5.49  6.01
2021 238  20  3.90  3.76  3.62  3.48  3.34  3.20  3.06  2.92  2.78  2.64  2.50  2.36  2.36  2.68  2.99  3.31  3.63  3.94  4.26  4.58
2021 238  21  4.34  4.10  3.86  3.62  3.37  3.13  2.89  2.64  2.40  2.16  1.92  1.67  1.64  2.06  2.47  2.89  3.30  3.71  4.13  4.54
2021 238  22  3.90  3.72  3.55  3.37  3.19  3.01  2.84  2.66  2.48  2.31  2.13  1.95  1.92  2.20  2.49  2.77  3.05  3.34  3.62  3.90
2021 238  23  2.27  2.25  2.23  2.20  2.18  2.16  2.13  2.11  2.09  2.06  2.04  2.02  2.05  2.22  2.39  2.56  2.72  2.89  3.06  3.23
2021 239   0  1.41  1.53  1.64  1.76  1.87  1.99  2.11  2.22  2.34  2.45  2.57  2.68  2.83  3.07  3.30  3.53  3.76  4.00  4.23  4.46
2021 239   1  0.17  0.46  0.74  1.03  1.31  1.60  1.89  2.17  2.46  2.74  3.03  3.32  3.58  3.80  4.02  4.24  4.46  4.68  4.90  5.12
2021 239   2  0.19  0.50  0.82  1.13  1.45  1.76  2.07  2.39  2.70  3.02  3.33  3.65  3.90  4.04  4.18  4.31  4.45  4.59  4.72  4.86
2021 239   3  0.00  0.01  0.35  0.68  1.02  1.36  1.69  2.03  2.36  2.70  3.04  3.37  3.65  3.83  4.00  4.17  4.34  4.51  4.68  4.85
2021 239   4  0.00  0.00  0.30  0.68  1.06  1.44  1.82  2.21  2.59  2.97  3.35  3.73  4.04  4.18  4.33  4.47  4.62  4.76  4.91  5.05
2021 239   5  0.68  0.91  1.14  1.37  1.59  1.82  2.05  2.28  2.50  2.73  2.96  3.18  3.39  3.54  3.69  3.84  3.99  4.14  4.29  4.44
2021 239   6  0.81  0.99  1.16  1.34  1.52  1.70  1.87  2.05  2.23  2.40  2.58  2.76  2.90  2.96  3.01  3.07  3.13  3.19  3.24  3.30
2021 239   7  0.79  0.91  1.03  1.16  1.28  1.40  1.53  1.65  1.77  1.90  2.02  2.15  2.27  2.38  2.49  2.60  2.71  2.83  2.94  3.05
2021 239   8  1.63  1.65  1.66  1.67  1.69  1.70  1.71  1.73  1.74  1.75  1.77  1.78  1.90  2.24  2.59  2.93  3.27  3.61  3.96  4.30
2021 239   9  1.39  1.48  1.56  1.64  1.72  1.80  1.88  1.97  2.05  2.13  2.21  2.29  2.48  2.88  3.29  3.69  4.09  4.50  4.90  5.31
2021 239  10  0.00  0.00  0.00  0.00  0.15  0.56  0.97  1.39  1.80  2.21  2.63  3.04  3.38  3.58  3.77  3.96  4.16  4.35  4.55  4.74
2021 239  11  0.00  0.00  0.00  0.00  0.38  0.76  1.14  1.53  1.91  2.29  2.68  3.06  3.36  3.50  3.64  3.78  3.92  4.05  4.19  4.33
2021 239  12  0.00  0.00  0.00  0.00  0.00  0.23  0.69  1.14  1.60  2.06  2.51  2.97  3.35  3.56  3.76  3.97  4.18  4.39  4.59  4.80
2021 239  13  0.00  0.00  0.00  0.00  0.00  0.24  0.68  1.12  1.56  2.00  2.43  2.87  3.27  3.57  3.87  4.17  4.47  4.77  5.07  5.37
2021 239  14  0.20  0.45  0.70  0.95  1.20  1.45  1.70  1.94  2.19  2.44  2.69  2.94  3.26  3.72  4.18  4.65  5.11  5.57  6.04  6.50
2021 239  15  0.73  0.91  1.10  1.28  1.46  1.64  1.83  2.01  2.19  2.37  2.55  2.74  3.07  3.71  4.36  5.00  5.65  6.29  6.94  7.58
2021 239  16  0.00  0.00  0.00  0.00  0.16  0.51  0.87  1.22  1.57  1.92  2.28  2.63  3.08  3.72  4.36  5.01  5.65  6.29  6.94  7.58
2021 239  17  0.00  0.00  0.00  0.00  0.14  0.56  0.99  1.41  1.83  2.26  2.68  3.10  3.57  4.11  4.66  5.21  5.75  6.30  6.85  7.40
2021 239  18  0.00  0.00  0.00  0.00  0.00  0.29  0.75  1.20  1.65  2.11  2.56  3.01  3.53  4.19  4.84  5.50  6.16  6.82  7.47  8.13
2021 239  19  0.00  0.00  0.00  0.00  0.00  0.25  0.66  1.08  1.49  1.90  2.32  2.73  3.26  4.05  4.85  5.64  6.43  7.22  8.02  8.81
2021 239  20  0.00  0.00  0.00  0.32  0.66  1.00  1.34  1.68  2.02  2.36  2.70  3.04  3.48  4.15  4.82  5.48  6.15  6.81  7.48  8.15
2021 239  21  0.00  0.00  0.10  0.48  0.86  1.24  1.62  2.01  2.39  2.77  3.15  3.53  3.98  4.57  5.16  5.75  6.34  6.92  7.51  8.10
2021 239  22  0.00  0.00  0.00  0.21  0.68  1.14  1.60  2.06  2.52  2.98  3.44  3.91  4.38  4.89  5.39  5.89  6.39  6.90  7.40  7.91
2021 239  23  0.00  0.30  0.71  1.12  1.53  1.94  2.35  2.76  3.17  3.58  3.99  4.40  4.81  5.20  5.59  5.99  6.38  6.77  7.17  7.56
2021 240   0  0.00  0.38  0.75  1.13  1.50  1.88  2.25  2.63  3.00  3.38  3.75  4.13  4.51  4.91  5.30  5.70  6.10  6.50  6.90  7.30
2021 240   1  0.00  0.15  0.53  0.91  1.29  1.66  2.04  2.42  2.80  3.18  3.56  3.93  4.32  4.73  5.14  5.55  5.97  6.38  6.79  7.20
2021 240   2  0.00  0.00  0.21  0.71  1.21  1.70  2.20  2.70  3.19  3.69  4.19  4.68  5.13  5.45  5.78  6.11  6.44  6.77  7.10  7.43
2021 240   3  0.58  0.87  1.16  1.44  1.73  2.02  2.31  2.59  2.88  3.17  3.46  3.74  4.06  4.42  4.79  5.15  5.52  5.88  6.25  6.61
2021 240   4  1.16  1.43  1.71  1.98  2.25  2.53  2.80  3.08  3.35  3.63  3.90  4.17  4.43  4.65  4.87  5.09  5.31  5.53  5.75  5.97
2021 240   5  1.68  2.01  2.35  2.68  3.01  3.34  3.67  4.00  4.33  4.66  4.99  5.32  5.55  5.56  5.56  5.57  5.57  5.58  5.58  5.59
2021 240   6  2.32  2.46  2.59  2.73  2.87  3.00  3.14  3.28  3.41  3.55  3.69  3.83  3.99  4.22  4.45  4.68  4.90  5.13  5.36  5.58
2021 240   7  1.90  2.13  2.36  2.59  2.82  3.05  3.28  3.51  3.74  3.97  4.20  4.42  4.64  4.82  5.00  5.18  5.36  5.54  5.72  5.90
2021 240   8  4.24  4.29  4.34  4.39  4.45  4.49  4.55  4.59  4.64  4.70  4.75  4.80  4.79  4.68  4.57  4.46  4.35  4.24  4.12  4.01
2021 240   9  4.86  4.93  4.99  5.06  5.13  5.19  5.26  5.33  5.39  5.46  5.53  5.59  5.62  5.57  5.52  5.47  5.42  5.37  5.32  5.27
2021 240  10  4.34  4.51  4.67  4.83  4.99  5.15  5.31  5.47  5.63  5.79  5.95  6.11  6.15  5.94  5.72  5.51  5.30  5.09  4.87  4.66
2021 240  11  4.71  4.94  5.17  5.40  5.62  5.85  6.08  6.31  6.53  6.76  6.99  7.22  7.15  6.47  5.78  5.09  4.41  3.72  3.04  2.35
2021 240  12  3.26  3.58  3.90  4.22  4.54  4.86  5.18  5.49  5.82  6.13  6.45  6.77  6.86  6.46  6.06  5.66  5.25  4.85  4.45  4.05
2021 240  13  0.93  1.47  2.02  2.56  3.10  3.64  4.18  4.72  5.27  5.81  6.35  6.89  7.16  6.86  6.55  6.24  5.94  5.63  5.33  5.02
2021 240  14  0.50  1.04  1.57  2.11  2.65  3.18  3.72  4.26  4.80  5.33  5.87  6.41  6.75  6.70  6.65  6.60  6.55  6.50  6.45  6.40
2021 240  15  1.52  1.98  2.45  2.91  3.37  3.84  4.30  4.76  5.22  5.69  6.15  6.61  6.92  6.87  6.83  6.78  6.74  6.70  6.65  6.61
2021 240  16  1.88  2.27  2.66  3.05  3.44  3.84  4.23  4.62  5.01  5.40  5.79  6.18  6.41  6.28  6.15  6.02  5.89  5.76  5.63  5.50
2021 240  17  0.00  0.39  0.99  1.59  2.19  2.79  3.39  3.99  4.59  5.19  5.79  6.39  6.70  6.39  6.08  5.77  5.46  5.14  4.83  4.52
2021 240  18  0.21  0.80  1.39  1.99  2.58  3.17  3.77  4.36  4.95  5.55  6.14  6.74  6.97  6.44  5.91  5.38  4.84  4.31  3.78  3.25
2021 240  19  2.11  2.56  3.02  3.48  3.93  4.39  4.85  5.30  5.76  6.22  6.67  7.13  7.27  6.74  6.20  5.67  5.14  4.60  4.07  3.54
2021 240  20  0.08  0.76  1.45  2.13  2.82  3.50  4.18  4.87  5.55  6.24  6.92  7.61  7.86  7.22  6.59  5.95  5.31  4.67  4.03  3.39
2021 240  21  0.00  0.45  1.15  1.86  2.56  3.27  3.97  4.68  5.38  6.08  6.79  7.49  7.76  7.09  6.43  5.76  5.10  4.44  3.77  3.11
2021 240  22  0.72  1.31  1.90  2.50  3.09  3.68  4.28  4.87  5.47  6.06  6.65  7.25  7.52  7.13  6.74  6.34  5.95  5.56  5.16  4.77
2021 240  23  1.03  1.54  2.04  2.55  3.05  3.56  4.06  4.57  5.07  5.58  6.08  6.59  6.84  6.54  6.25  5.95  5.66  5.37  5.07  4.78
2021 241   0  0.84  1.42  1.99  2.57  3.14  3.72  4.29  4.87  5.44  6.02  6.59  7.17  7.39  6.86  6.34  5.81  5.29  4.76  4.23  3.71
2021 241   1  0.00  0.60  1.21  1.81  2.41  3.02  3.62  4.22  4.83  5.43  6.04  6.64  6.99  6.81  6.63  6.45  6.26  6.08  5.90  5.72
2021 241   2  0.00  0.39  0.99  1.59  2.18  2.78  3.38  3.98  4.57  5.17  5.77  6.36  6.70  6.47  6.24  6.01  5.78  5.55  5.32  5.09
2021 241   3  0.00  0.00  0.55  1.22  1.89  2.57  3.24  3.92  4.59  5.26  5.94  6.61  7.11  7.22  7.33  7.44  7.55  7.66  7.77  7.88
2021 241   4  0.00  0.00  0.00  0.00  0.76  1.58  2.41  3.23  4.06  4.88  5.70  6.53  7.05  6.94  6.83  6.72  6.61  6.49  6.38  6.27
2021 241   5  0.00  0.00  0.00  0.00  0.64  1.52  2.40  3.28  4.16  5.04  5.92  6.80  7.28  6.89  6.51  6.13  5.75  5.36  4.98  4.60
2021 241   6  0.00  0.00  0.00  0.00  0.00  0.14  1.23  2.32  3.40  4.49  5.58  6.67  7.15  6.33  5.51  4.69  3.88  3.06  2.24  1.42
2021 241   7  0.00  0.00  0.00  0.00  0.00  0.16  1.32  2.47  3.63  4.78  5.94  7.09  7.62  6.82  6.02  5.22  4.41  3.61  2.81  2.01
2021 241   8  0.00  0.00  0.00  0.00  0.00  0.00  0.78  2.03  3.28  4.53  5.79  7.04  7.64  6.85  6.06  5.27  4.48  3.69  2.91  2.12
2021 241   9  0.00  0.00  0.00  0.00  0.00  0.00  0.37  1.59  2.82  4.04  5.26  6.49  7.12  6.49  5.87  5.24  4.62  3.99  3.36  2.74
2021 241  10  0.00  0.00  0.00  0.00  0.00  0.00  0.64  1.77  2.91  4.04  5.18  6.31  6.94  6.49  6.04  5.59  5.14  4.69  4.24  3.79
2021 241  11  0.00  0.00  0.00  0.38  1.17  1.96  2.75  3.53  4.32  5.11  5.90  6.68  7.03  6.43  5.83  5.24  4.64  4.04  3.44  2.84
2021 241  12  1.02  1.42  1.81  2.21  2.61  3.00  3.40  3.80  4.19  4.59  4.98  5.38  5.54  5.21  4.87  4.54  4.20  3.86  3.53  3.19
2021 241  13  0.27  0.73  1.19  1.65  2.12  2.58  3.04  3.50  3.96  4.42  4.89  5.35  5.56  5.25  4.95  4.64  4.33  4.02  3.71  3.41
2021 241  14  0.00  0.00  0.39  0.87  1.35  1.83  2.30  2.78  3.26  3.74  4.22  4.70  4.92  4.61  4.29  3.98  3.67  3.36  3.04  2.73
2021 241  15  0.00  0.00  0.32  0.67  1.01  1.36  1.70  2.05  2.39  2.74  3.08  3.43  3.62  3.47  3.33  3.19  3.05  2.91  2.77  2.62
2021 241  16  0.00  0.00  0.00  0.38  0.91  1.44  1.97  2.50  3.03  3.56  4.09  4.62  4.82  4.31  3.81  3.30  2.80  2.29  1.79  1.28
2021 241  17  0.00  0.00  0.35  0.86  1.36  1.87  2.37  2.88  3.38  3.89  4.39  4.90  5.13  4.80  4.46  4.13  3.79  3.45  3.12  2.78
2021 241  18  2.13  2.29  2.46  2.62  2.79  2.95  3.12  3.29  3.45  3.62  3.78  3.95  4.13  4.34  4.54  4.75  4.96  5.17  5.38  5.58
2021 241  19  0.00  0.32  0.64  0.97  1.30  1.62  1.95  2.27  2.60  2.93  3.25  3.58  3.84  3.94  4.05  4.16  4.27  4.38  4.49  4.59
2021 241  20  0.00  0.00  0.03  0.36  0.69  1.03  1.36  1.69  2.03  2.36  2.69  3.02  3.25  3.24  3.23  3.23  3.22  3.21  3.21  3.20
2021 241  21  0.68  0.98  1.29  1.60  1.91  2.21  2.52  2.83  3.14  3.44  3.75  4.06  4.18  3.90  3.63  3.35  3.08  2.80  2.52  2.25
2021 241  22  0.00  0.04  0.50  0.96  1.43  1.89  2.36  2.82  3.29  3.75  4.22  4.68  4.90  4.61  4.31  4.01  3.71  3.41  3.11  2.81
2021 241  23  0.00  0.00  0.37  0.88  1.38  1.88  2.38  2.88  3.38  3.89  4.39  4.89  5.11  4.72  4.33  3.94  3.55  3.16  2.78  2.39
2021 242   0  0.00  0.00  0.25  0.71  1.16  1.62  2.08  2.53  2.99  3.45  3.90  4.36  4.64  4.53  4.41  4.30  4.19  4.08  3.97  3.86
2021 242   1  0.00  0.00  0.29  0.77  1.24  1.71  2.18  2.65  3.13  3.60  4.07  4.54  4.78  4.55  4.31  4.08  3.84  3.60  3.37  3.13
2021 242   2  0.00  0.00  0.26  0.73  1.20  1.67  2.14  2.61  3.08  3.55  4.02  4.49  4.75  4.55  4.35  4.15  3.96  3.76  3.56  3.36
2021 242   3  0.00  0.00  0.00  0.00  0.51  1.10  1.70  2.29  2.89  3.48  4.08  4.68  5.03  4.89  4.74  4.59  4.45  4.30  4.15  4.01
2021 242   4  0.00  0.00  0.00  0.00  0.19  0.94  1.68  2.43  3.18  3.93  4.67  5.42  5.80  5.40  5.01  4.61  4.21  3.81  3.41  3.01
2021 242   5  0.10  0.57  1.04  1.51  1.97  2.44  2.91  3.38  3.85  4.32  4.78  5.25  5.49  5.26  5.02  4.78  4.54  4.30  4.07  3.83
2021 242   6  0.74  1.04  1.35  1.65  1.95  2.25  2.55  2.85  3.15  3.45  3.75  4.05  4.33  4.55  4.76  4.98  5.20  5.41  5.63  5.85
2021 242   7  0.45  0.76  1.08  1.39  1.71  2.02  2.33  2.65  2.96  3.28  3.59  3.91  4.17  4.34  4.50  4.66  4.82  4.99  5.15  5.31
2021 242   8  0.00  0.12  0.55  0.98  1.41  1.84  2.27  2.70  3.13  3.56  3.99  4.42  4.62  4.35  4.08  3.81  3.53  3.26  2.99  2.71
2021 242   9  0.00  0.00  0.00  0.00  0.55  1.26  1.96  2.66  3.37  4.07  4.78  5.48  5.84  5.48  5.12  4.76  4.40  4.03  3.67  3.31
2021 242  10  0.00  0.00  0.00  0.00  0.32  0.88  1.44  1.99  2.55  3.11  3.66  4.22  4.61  4.62  4.64  4.65  4.67  4.68  4.70  4.72
2021 242  11  0.00  0.00  0.00  0.08  0.47  0.86  1.25  1.64  2.03  2.42  2.81  3.19  3.56  3.88  4.19  4.51  4.83  5.14  5.46  5.78
2021 242  12  1.48  1.54  1.61  1.67  1.73  1.80  1.86  1.92  1.99  2.05  2.11  2.18  2.34  2.71  3.09  3.46  3.84  4.21  4.58  4.96
2021 242  13  1.16  1.30  1.43  1.57  1.71  1.84  1.98  2.12  2.26  2.39  2.53  2.67  2.78  2.83  2.89  2.94  2.99  3.05  3.10  3.16
2021 242  14  3.16  3.05  2.95  2.84  2.73  2.63  2.52  2.41  2.30  2.20  2.09  1.98  2.05  2.50  2.95  3.40  3.85  4.30  4.75  5.20
2021 242  15  2.48  2.46  2.45  2.43  2.42  2.40  2.38  2.37  2.36  2.34  2.33  2.31  2.49  3.08  3.67  4.27  4.86  5.45  6.05  6.64
2021 242  16  3.48  3.39  3.29  3.19  3.10  3.00  2.90  2.80  2.71  2.61  2.51  2.42  2.53  3.09  3.64  4.20  4.76  5.32  5.88  6.43
2021 242  17  3.57  3.48  3.39  3.29  3.20  3.11  3.01  2.92  2.83  2.73  2.64  2.54  2.62  3.04  3.46  3.88  4.30  4.72  5.14  5.56
2021 242  18  3.10  3.13  3.15  3.18  3.21  3.24  3.27  3.30  3.33  3.35  3.38  3.41  3.40  3.29  3.19  3.09  2.98  2.88  2.78  2.67
2021 242  19  2.81  2.89  2.97  3.05  3.13  3.21  3.29  3.37  3.45  3.54  3.62  3.69  3.69  3.49  3.29  3.09  2.89  2.69  2.49  2.29
2021 242  20  2.30  2.49  2.69  2.89  3.09  3.29  3.49  3.69  3.89  4.09  4.29  4.49  4.57  4.40  4.24  4.07  3.91  3.75  3.58  3.42
2021 242  21  3.28  3.41  3.53  3.65  3.77  3.89  4.02  4.14  4.26  4.38  4.51  4.63  4.65  4.46  4.28  4.09  3.90  3.71  3.53  3.34
2021 242  22  2.94  3.13  3.31  3.50  3.68  3.87  4.06  4.24  4.43  4.61  4.80  4.98  5.03  4.80  4.57  4.33  4.10  3.86  3.63  3.39
2021 242  23  4.68  4.72  4.76  4.80  4.84  4.87  4.91  4.95  4.99  5.03  5.07  5.10  5.01  4.63  4.25  3.87  3.49  3.11  2.73  2.35
2021 243   0  4.54  4.57  4.60  4.63  4.66  4.69  4.72  4.75  4.78  4.81  4.84  4.87  4.78  4.42  4.07  3.72  3.36  3.01  2.66  2.31
2021 243   1  2.45  2.68  2.91  3.14  3.36  3.59  3.82  4.05  4.27  4.50  4.73  4.95  5.07  4.94  4.81  4.68  4.55  4.42  4.29  4.16
2021 243   2  3.60  3.74  3.89  4.03  4.18  4.32  4.46  4.61  4.75  4.89  5.04  5.18  5.25  5.14  5.03  4.93  4.82  4.71  4.61  4.50
2021 243   3  0.97  1.34  1.71  2.08  2.45  2.82  3.19  3.56  3.93  4.30  4.67  5.04  5.29  5.29  5.29  5.29  5.29  5.29  5.29  5.29
2021 243   4  2.66  2.86  3.07  3.27  3.47  3.68  3.88  4.09  4.29  4.49  4.70  4.90  4.99  4.84  4.69  4.53  4.38  4.23  4.08  3.93
2021 243   5  2.86  3.05  3.23  3.42  3.60  3.79  3.98  4.16  4.35  4.53  4.72  4.90  4.92  4.59  4.26  3.93  3.60  3.27  2.94  2.61
2021 243   6  1.81  2.08  2.34  2.61  2.87  3.13  3.40  3.66  3.93  4.19  4.46  4.72  4.78  4.39  4.01  3.62  3.24  2.85  2.47  2.09
2021 243   7  2.10  2.27  2.44  2.61  2.78  2.95  3.12  3.29  3.46  3.63  3.80  3.97  4.08  4.06  4.04  4.02  4.00  3.98  3.96  3.94
2021 243   8  2.54  2.59  2.64  2.68  2.73  2.78  2.82  2.87  2.92  2.96  3.01  3.06  3.11  3.17  3.22  3.28  3.34  3.40  3.45  3.51
2021 243   9  0.68  0.93  1.17  1.42  1.66  1.91  2.15  2.40  2.64  2.89  3.14  3.38  3.50  3.33  3.16  2.99  2.83  2.66  2.49  2.32
2021 243  10  0.01  0.29  0.57  0.85  1.13  1.40  1.68  1.96  2.24  2.52  2.80  3.08  3.32  3.47  3.63  3.78  3.93  4.09  4.24  4.40
2021 243  11  0.96  1.07  1.17  1.28  1.38  1.49  1.59  1.70  1.80  1.91  2.01  2.12  2.24  2.39  2.55  2.71  2.86  3.02  3.17  3.33
2021 243  12  0.71  0.78  0.86  0.93  1.00  1.08  1.15  1.23  1.30  1.37  1.45  1.52  1.64  1.88  2.11  2.35  2.58  2.82  3.05  3.29
2021 243  13  0.33  0.47  0.60  0.74  0.88  1.01  1.15  1.29  1.42  1.56  1.70  1.84  1.95  2.00  2.05  2.10  2.15  2.20  2.25  2.30
2021 243  14  0.70  0.82  0.93  1.04  1.16  1.27  1.38  1.50  1.61  1.73  1.84  1.95  2.09  2.30  2.50  2.70  2.90  3.10  3.30  3.50
2021 243  15  2.14  2.06  1.97  1.89  1.81  1.73  1.64  1.56  1.48  1.40  1.32  1.24  1.38  1.99  2.60  3.22  3.83  4.45  5.06  5.67
2021 243  16  2.95  2.75  2.55  2.34  2.14  1.93  1.73  1.52  1.32  1.12  0.91  0.71  0.77  1.39  2.01  2.63  3.25  3.87  4.49  5.11
2021 243  17  3.46  3.21  2.97  2.72  2.47  2.22  1.98  1.73  1.48  1.23  0.99  0.74  0.74  1.27  1.81  2.34  2.87  3.41  3.94  4.47
2021 243  18  2.35  2.35  2.36  2.36  2.36  2.37  2.37  2.37  2.38  2.38  2.38  2.39  2.49  2.79  3.09  3.39  3.70  4.00  4.30  4.60
2021 243  19  2.42  2.51  2.61  2.70  2.80  2.89  2.99  3.08  3.18  3.28  3.37  3.46  3.51  3.46  3.41  3.36  3.30  3.25  3.20  3.15
2021 243  20  3.66  3.69  3.71  3.74  3.77  3.80  3.83  3.86  3.88  3.91  3.94  3.97  3.98  3.96  3.94  3.92  3.90  3.88  3.86  3.84
2021 243  21  4.20  4.17  4.14  4.12  4.09  4.06  4.03  4.00  3.97  3.95  3.92  3.89  3.83  3.71  3.59  3.47  3.35  3.23  3.11  2.99
2021 243  22  3.82  3.80  3.77  3.75  3.72  3.70  3.67  3.65  3.62  3.60  3.57  3.55  3.50  3.40  3.30  3.19  3.09  2.99  2.89  2.79
2021 243  23  0.64  0.99  1.34  1.70  2.05  2.40  2.76  3.11  3.46  3.81  4.17  4.52  4.68  4.43  4.18  3.94  3.69  3.44  3.19  2.94
